0 1732755072.538272858 236 16
1 1732755072.538272858 381 40
2 1732755072.538272858 379 21
3 1732755072.538272858 431 60
4 1732755072.538272858 451 58
5 1732755072.538272858 397 40
6 1732755072.538272858 416 187
7 1732755072.538272858 12 21
8 1732755072.538272858 415 282
9 1732755072.538272858 152 264
10 1732755072.538272858 342 21
11 1732755072.538272858 52 222
12 1732755072.538272858 505 90
13 1732755072.538272858 506 69
14 1732755072.538272858 467 162
15 1732755072.538272858 480 75
16 1732755072.538272858 472 181
17 1732755072.538272858 334 45
18 1732755072.538272858 54 190
19 1732755072.538272858 418 70
20 1732755072.538272858 499 217
21 1732755072.538272858 349 1
22 1732755072.538272858 218 2
23 1732755072.538272858 459 76
24 1732755072.538272858 118 151
25 1732755072.538272858 491 113
26 1732755072.538272858 365 43
27 1732755072.538272858 421 9
28 1732755072.538272858 459 13
0 1732755073.038272858 236 16
1 1732755073.038272858 381 39
2 1732755073.038272858 379 20
3 1732755073.038272858 431 60
4 1732755073.038272858 451 58
5 1732755073.038272858 397 40
6 1732755073.038272858 416 186
7 1732755073.038272858 12 20
8 1732755073.038272858 415 281
9 1732755073.038272858 152 263
10 1732755073.038272858 342 21
11 1732755073.038272858 52 221
12 1732755073.038272858 505 89
13 1732755073.038272858 506 68
14 1732755073.038272858 467 161
15 1732755073.038272858 480 74
16 1732755073.038272858 472 180
17 1732755073.038272858 334 44
18 1732755073.038272858 53 188
19 1732755073.038272858 418 70
20 1732755073.038272858 499 216
21 1732755073.038272858 349 0
22 1732755073.038272858 217 1
23 1732755073.038272858 459 75
24 1732755073.038272858 118 150
25 1732755073.038272858 491 112
26 1732755073.038272858 365 43
27 1732755073.038272858 421 8
28 1732755073.038272858 459 12
0 1732755073.538272858 236 15
1 1732755073.538272858 382 39
2 1732755073.538272858 379 20
3 1732755073.538272858 434 59
4 1732755073.538272858 454 58
5 1732755073.538272858 400 41
6 1732755073.538272858 418 186
7 1732755073.538272858 13 19
8 1732755073.538272858 417 282
9 1732755073.538272858 151 261
10 1732755073.538272858 343 20
11 1732755073.538272858 54 221
12 1732755073.538272858 506 90
13 1732755073.538272858 508 69
14 1732755073.538272858 468 161
15 1732755073.538272858 481 75
16 1732755073.538272858 474 180
17 1732755073.538272858 335 43
18 1732755073.538272858 50 186
19 1732755073.538272858 419 69
20 1732755073.538272858 501 215
21 1732755073.538272858 349 1
22 1732755073.538272858 219 2
23 1732755073.538272858 460 76
24 1732755073.538272858 119 151
25 1732755073.538272858 492 111
26 1732755073.538272858 368 43
27 1732755073.538272858 422 6
28 1732755073.538272858 461 11
0 1732755074.038272858 237 18
1 1732755074.038272858 382 42
2 1732755074.038272858 379 22
3 1732755074.038272858 433 61
4 1732755074.038272858 453 60
5 1732755074.038272858 400 45
6 1732755074.038272858 416 189
7 1732755074.038272858 12 21
8 1732755074.038272858 416 284
9 1732755074.038272858 146 258
10 1732755074.038272858 343 22
11 1732755074.038272858 53 224
12 1732755074.038272858 505 91
13 1732755074.038272858 507 70
14 1732755074.038272858 465 162
15 1732755074.038272858 480 77
16 1732755074.038272858 472 181
17 1732755074.038272858 335 45
18 1732755074.038272858 48 189
19 1732755074.038272858 418 70
20 1732755074.038272858 498 215
21 1732755074.038272858 348 2
22 1732755074.038272858 217 3
23 1732755074.038272858 460 79
24 1732755074.038272858 117 153
25 1732755074.038272858 489 111
26 1732755074.038272858 367 46
27 1732755074.038272858 421 9
28 1732755074.038272858 458 11
0 1732755074.538272858 236 18
1 1732755074.538272858 383 40
2 1732755074.538272858 380 22
3 1732755074.538272858 434 60
4 1732755074.538272858 452 58
5 1732755074.538272858 400 44
6 1732755074.538272858 414 188
7 1732755074.538272858 12 19
8 1732755074.538272858 416 283
9 1732755074.538272858 146 259
10 1732755074.538272858 344 22
11 1732755074.538272858 53 224
12 1732755074.538272858 505 91
13 1732755074.538272858 508 71
14 1732755074.538272858 464 162
15 1732755074.538272858 481 76
16 1732755074.538272858 473 180
17 1732755074.538272858 335 44
18 1732755074.538272858 48 189
19 1732755074.538272858 419 71
20 1732755074.538272858 497 216
21 1732755074.538272858 347 1
22 1732755074.538272858 217 4
23 1732755074.538272858 460 79
24 1732755074.538272858 118 154
25 1732755074.538272858 489 110
26 1732755074.538272858 368 44
27 1732755074.538272858 422 11
28 1732755074.538272858 460 11
0 1732755075.038272858 237 18
1 1732755075.038272858 383 39
2 1732755075.038272858 379 23
3 1732755075.038272858 435 58
4 1732755075.038272858 453 57
5 1732755075.038272858 400 43
6 1732755075.038272858 413 188
7 1732755075.038272858 12 18
8 1732755075.038272858 415 283
9 1732755075.038272858 145 261
10 1732755075.038272858 345 21
11 1732755075.038272858 54 223
12 1732755075.038272858 505 92
13 1732755075.038272858 508 71
14 1732755075.038272858 462 162
15 1732755075.038272858 481 76
16 1732755075.038272858 473 179
17 1732755075.038272858 336 44
18 1732755075.038272858 47 191
19 1732755075.038272858 418 72
20 1732755075.038272858 497 217
21 1732755075.038272858 346 1
22 1732755075.038272858 218 4
23 1732755075.038272858 459 79
24 1732755075.038272858 119 153
25 1732755075.038272858 488 111
26 1732755075.038272858 368 43
27 1732755075.038272858 423 12
28 1732755075.038272858 461 11
0 1732755075.538272858 238 19
1 1732755075.538272858 383 39
2 1732755075.538272858 380 22
3 1732755075.538272858 437 58
4 1732755075.538272858 454 58
5 1732755075.538272858 400 42
6 1732755075.538272858 413 188
7 1732755075.538272858 13 16
8 1732755075.538272858 415 282
9 1732755075.538272858 146 263
10 1732755075.538272858 346 21
11 1732755075.538272858 55 223
12 1732755075.538272858 506 92
13 1732755075.538272858 508 71
14 1732755075.538272858 461 162
15 1732755075.538272858 481 76
16 1732755075.538272858 475 179
17 1732755075.538272858 337 44
18 1732755075.538272858 48 191
19 1732755075.538272858 419 72
20 1732755075.538272858 496 218
21 1732755075.538272858 347 2
22 1732755075.538272858 218 5
23 1732755075.538272858 459 79
24 1732755075.538272858 120 153
25 1732755075.538272858 488 112
26 1732755075.538272858 369 43
27 1732755075.538272858 423 12
28 1732755075.538272858 462 11
0 1732755076.038272858 239 19
1 1732755076.038272858 384 39
2 1732755076.038272858 380 22
3 1732755076.038272858 438 58
4 1732755076.038272858 456 58
5 1732755076.038272858 401 41
6 1732755076.038272858 413 188
7 1732755076.038272858 14 16
8 1732755076.038272858 416 282
9 1732755076.038272858 147 264
10 1732755076.038272858 347 21
11 1732755076.038272858 56 223
12 1732755076.038272858 508 93
13 1732755076.038272858 509 70
14 1732755076.038272858 459 161
15 1732755076.038272858 482 77
16 1732755076.038272858 477 179
17 1732755076.038272858 339 45
18 1732755076.038272858 49 193
19 1732755076.038272858 419 73
20 1732755076.038272858 496 219
21 1732755076.038272858 348 2
22 1732755076.038272858 220 6
23 1732755076.038272858 460 80
24 1732755076.038272858 121 152
25 1732755076.038272858 487 112
26 1732755076.038272858 371 42
27 1732755076.038272858 424 12
28 1732755076.038272858 462 11
0 1732755076.538272858 239 21
1 1732755076.538272858 383 42
2 1732755076.538272858 380 24
3 1732755076.538272858 438 61
4 1732755076.538272858 456 61
5 1732755076.538272858 400 43
6 1732755076.538272858 413 190
7 1732755076.538272858 14 19
8 1732755076.538272858 417 286
9 1732755076.538272858 142 262
10 1732755076.538272858 347 24
11 1732755076.538272858 55 227
12 1732755076.538272858 508 96
13 1732755076.538272858 509 73
14 1732755076.538272858 458 163
15 1732755076.538272858 482 80
16 1732755076.538272858 476 181
17 1732755076.538272858 339 48
18 1732755076.538272858 48 194
19 1732755076.538272858 419 77
20 1732755076.538272858 496 221
21 1732755076.538272858 348 4
22 1732755076.538272858 219 8
23 1732755076.538272858 459 81
24 1732755076.538272858 121 156
25 1732755076.538272858 486 114
26 1732755076.538272858 370 46
27 1732755076.538272858 424 15
28 1732755076.538272858 461 13
0 1732755077.038272858 239 21
1 1732755077.038272858 384 41
2 1732755077.038272858 381 26
3 1732755077.038272858 438 60
4 1732755077.038272858 457 62
5 1732755077.038272858 402 44
6 1732755077.038272858 411 191
7 1732755077.038272858 14 19
8 1732755077.038272858 416 285
9 1732755077.038272858 141 265
10 1732755077.038272858 347 24
11 1732755077.038272858 56 228
12 1732755077.038272858 509 96
13 1732755077.038272858 509 73
14 1732755077.038272858 459 164
15 1732755077.038272858 482 80
16 1732755077.038272858 478 182
17 1732755077.038272858 339 48
18 1732755077.038272858 48 195
19 1732755077.038272858 419 79
20 1732755077.038272858 496 221
21 1732755077.038272858 348 6
22 1732755077.038272858 220 8
23 1732755077.038272858 460 81
24 1732755077.038272858 121 157
25 1732755077.038272858 487 114
26 1732755077.038272858 370 44
27 1732755077.038272858 425 16
28 1732755077.038272858 461 14
0 1732755077.538272858 240 21
1 1732755077.538272858 385 40
2 1732755077.538272858 381 25
3 1732755077.538272858 437 60
4 1732755077.538272858 458 63
5 1732755077.538272858 402 44
6 1732755077.538272858 411 191
7 1732755077.538272858 13 18
8 1732755077.538272858 415 286
9 1732755077.538272858 141 268
10 1732755077.538272858 348 24
11 1732755077.538272858 56 228
12 1732755077.538272858 510 97
13 1732755077.538272858 509 73
14 1732755077.538272858 458 164
15 1732755077.538272858 482 81
16 1732755077.538272858 479 183
17 1732755077.538272858 339 48
18 1732755077.538272858 48 195
19 1732755077.538272858 418 80
20 1732755077.538272858 495 221
21 1732755077.538272858 347 5
22 1732755077.538272858 220 8
23 1732755077.538272858 460 81
24 1732755077.538272858 121 156
25 1732755077.538272858 486 114
26 1732755077.538272858 370 43
27 1732755077.538272858 427 17
28 1732755077.538272858 461 14
0 1732755078.038272858 241 20
1 1732755078.038272858 385 40
2 1732755078.038272858 382 26
3 1732755078.038272858 439 59
4 1732755078.038272858 459 63
5 1732755078.038272858 403 45
6 1732755078.038272858 412 192
7 1732755078.038272858 14 18
8 1732755078.038272858 415 287
9 1732755078.038272858 142 270
10 1732755078.038272858 348 24
11 1732755078.038272858 56 228
12 1732755078.038272858 512 98
13 1732755078.038272858 510 74
14 1732755078.038272858 458 164
15 1732755078.038272858 483 82
16 1732755078.038272858 480 184
17 1732755078.038272858 340 48
18 1732755078.038272858 49 196
19 1732755078.038272858 418 80
20 1732755078.038272858 496 221
21 1732755078.038272858 347 6
22 1732755078.038272858 220 8
23 1732755078.038272858 462 82
24 1732755078.038272858 122 156
25 1732755078.038272858 487 114
26 1732755078.038272858 370 42
27 1732755078.038272858 428 19
28 1732755078.038272858 461 15
0 1732755078.538272858 243 20
1 1732755078.538272858 386 40
2 1732755078.538272858 383 26
3 1732755078.538272858 441 59
4 1732755078.538272858 461 64
5 1732755078.538272858 404 45
6 1732755078.538272858 413 192
7 1732755078.538272858 14 18
8 1732755078.538272858 415 286
9 1732755078.538272858 143 272
10 1732755078.538272858 349 25
11 1732755078.538272858 57 227
12 1732755078.538272858 514 99
13 1732755078.538272858 511 74
14 1732755078.538272858 459 165
15 1732755078.538272858 486 83
16 1732755078.538272858 482 184
17 1732755078.538272858 341 48
18 1732755078.538272858 49 197
19 1732755078.538272858 420 82
20 1732755078.538272858 497 221
21 1732755078.538272858 348 7
22 1732755078.538272858 220 8
23 1732755078.538272858 465 82
24 1732755078.538272858 122 155
25 1732755078.538272858 488 113
26 1732755078.538272858 371 42
27 1732755078.538272858 430 20
28 1732755078.538272858 462 15
0 1732755079.038272858 244 19
1 1732755079.038272858 387 39
2 1732755079.038272858 385 26
3 1732755079.038272858 444 59
4 1732755079.038272858 462 63
5 1732755079.038272858 406 45
6 1732755079.038272858 414 193
7 1732755079.038272858 15 18
8 1732755079.038272858 415 287
9 1732755079.038272858 144 272
10 1732755079.038272858 350 25
11 1732755079.038272858 57 227
12 1732755079.038272858 516 100
13 1732755079.038272858 512 73
14 1732755079.038272858 461 166
15 1732755079.038272858 488 84
16 1732755079.038272858 484 184
17 1732755079.038272858 343 49
18 1732755079.038272858 49 198
19 1732755079.038272858 421 83
20 1732755079.038272858 498 221
21 1732755079.038272858 349 6
22 1732755079.038272858 221 9
23 1732755079.038272858 467 82
24 1732755079.038272858 122 155
25 1732755079.038272858 489 113
26 1732755079.038272858 372 41
27 1732755079.038272858 432 22
28 1732755079.038272858 463 16
0 1732755079.538272858 246 19
1 1732755079.538272858 387 39
2 1732755079.538272858 385 25
3 1732755079.538272858 445 59
4 1732755079.538272858 464 65
5 1732755079.538272858 407 45
6 1732755079.538272858 415 195
7 1732755079.538272858 15 18
8 1732755079.538272858 415 287
9 1732755079.538272858 146 273
10 1732755079.538272858 351 25
11 1732755079.538272858 58 227
12 1732755079.538272858 517 100
13 1732755079.538272858 513 73
14 1732755079.538272858 461 166
15 1732755079.538272858 490 85
16 1732755079.538272858 486 185
17 1732755079.538272858 344 49
18 1732755079.538272858 51 198
19 1732755079.538272858 422 84
20 1732755079.538272858 499 222
21 1732755079.538272858 349 5
22 1732755079.538272858 221 8
23 1732755079.538272858 470 81
24 1732755079.538272858 122 154
25 1732755079.538272858 490 112
26 1732755079.538272858 373 41
27 1732755079.538272858 434 23
28 1732755079.538272858 463 16
0 1732755080.038272858 246 22
1 1732755080.038272858 390 43
2 1732755080.038272858 386 28
3 1732755080.038272858 447 63
4 1732755080.038272858 467 69
5 1732755080.038272858 408 49
6 1732755080.038272858 416 198
7 1732755080.038272858 16 20
8 1732755080.038272858 416 290
9 1732755080.038272858 145 275
10 1732755080.038272858 353 29
11 1732755080.038272858 60 229
12 1732755080.038272858 516 104
13 1732755080.038272858 516 78
14 1732755080.038272858 464 170
15 1732755080.038272858 493 91
16 1732755080.038272858 486 188
17 1732755080.038272858 346 53
18 1732755080.038272858 50 202
19 1732755080.038272858 424 91
20 1732755080.038272858 501 226
21 1732755080.038272858 349 9
22 1732755080.038272858 221 11
23 1732755080.038272858 472 86
24 1732755080.038272858 123 156
25 1732755080.038272858 488 115
26 1732755080.038272858 377 46
27 1732755080.038272858 434 25
28 1732755080.038272858 464 20
0 1732755080.538272858 247 22
1 1732755080.538272858 391 44
2 1732755080.538272858 387 29
3 1732755080.538272858 448 63
4 1732755080.538272858 468 70
5 1732755080.538272858 409 50
6 1732755080.538272858 417 199
7 1732755080.538272858 17 20
8 1732755080.538272858 416 291
9 1732755080.538272858 145 278
10 1732755080.538272858 353 29
11 1732755080.538272858 60 232
12 1732755080.538272858 517 104
13 1732755080.538272858 517 78
14 1732755080.538272858 464 172
15 1732755080.538272858 494 92
16 1732755080.538272858 487 189
17 1732755080.538272858 346 54
18 1732755080.538272858 50 205
19 1732755080.538272858 424 92
20 1732755080.538272858 502 227
21 1732755080.538272858 351 11
22 1732755080.538272858 221 12
23 1732755080.538272858 473 87
24 1732755080.538272858 124 157
25 1732755080.538272858 488 115
26 1732755080.538272858 377 45
27 1732755080.538272858 435 26
28 1732755080.538272858 465 22
0 1732755081.038272858 248 23
1 1732755081.038272858 392 44
2 1732755081.038272858 388 29
3 1732755081.038272858 449 64
4 1732755081.038272858 470 71
5 1732755081.038272858 410 52
6 1732755081.038272858 417 200
7 1732755081.038272858 18 21
8 1732755081.038272858 414 291
9 1732755081.038272858 146 281
10 1732755081.038272858 354 30
11 1732755081.038272858 61 233
12 1732755081.038272858 517 105
13 1732755081.038272858 518 78
14 1732755081.038272858 464 173
15 1732755081.038272858 495 93
16 1732755081.038272858 487 190
17 1732755081.038272858 347 54
18 1732755081.038272858 50 207
19 1732755081.038272858 425 94
20 1732755081.038272858 503 229
21 1732755081.038272858 351 12
22 1732755081.038272858 222 14
23 1732755081.038272858 473 88
24 1732755081.038272858 125 158
25 1732755081.038272858 487 115
26 1732755081.038272858 378 46
27 1732755081.038272858 436 27
28 1732755081.038272858 466 23
0 1732755081.538272858 248 24
1 1732755081.538272858 394 45
2 1732755081.538272858 388 29
3 1732755081.538272858 450 64
4 1732755081.538272858 472 73
5 1732755081.538272858 411 53
6 1732755081.538272858 419 201
7 1732755081.538272858 18 21
8 1732755081.538272858 415 292
9 1732755081.538272858 148 283
10 1732755081.538272858 356 30
11 1732755081.538272858 63 233
12 1732755081.538272858 518 105
13 1732755081.538272858 519 78
14 1732755081.538272858 466 174
15 1732755081.538272858 497 95
16 1732755081.538272858 488 190
17 1732755081.538272858 349 55
18 1732755081.538272858 51 208
19 1732755081.538272858 427 95
20 1732755081.538272858 505 230
21 1732755081.538272858 352 13
22 1732755081.538272858 223 15
23 1732755081.538272858 475 89
24 1732755081.538272858 126 158
25 1732755081.538272858 487 115
26 1732755081.538272858 380 47
27 1732755081.538272858 438 28
28 1732755081.538272858 468 24
0 1732755082.038272858 250 25
1 1732755082.038272858 395 45
2 1732755082.038272858 389 30
3 1732755082.038272858 452 65
4 1732755082.038272858 474 74
5 1732755082.038272858 412 54
6 1732755082.038272858 421 202
7 1732755082.038272858 19 22
8 1732755082.038272858 417 293
9 1732755082.038272858 149 286
10 1732755082.038272858 357 30
11 1732755082.038272858 64 233
12 1732755082.038272858 519 106
13 1732755082.038272858 520 79
14 1732755082.038272858 467 175
15 1732755082.038272858 499 96
16 1732755082.038272858 489 190
17 1732755082.038272858 349 55
18 1732755082.038272858 52 209
19 1732755082.038272858 429 96
20 1732755082.038272858 507 230
21 1732755082.038272858 353 14
22 1732755082.038272858 224 17
23 1732755082.038272858 477 90
24 1732755082.038272858 127 158
25 1732755082.038272858 488 115
26 1732755082.038272858 382 47
27 1732755082.038272858 440 29
28 1732755082.038272858 470 25
0 1732755082.538272858 251 25
1 1732755082.538272858 396 46
2 1732755082.538272858 390 30
3 1732755082.538272858 453 65
4 1732755082.538272858 476 76
5 1732755082.538272858 414 55
6 1732755082.538272858 423 204
7 1732755082.538272858 20 23
8 1732755082.538272858 418 293
9 1732755082.538272858 152 287
10 1732755082.538272858 358 31
11 1732755082.538272858 67 233
12 1732755082.538272858 520 106
13 1732755082.538272858 522 79
14 1732755082.538272858 469 175
15 1732755082.538272858 501 98
16 1732755082.538272858 490 190
17 1732755082.538272858 350 56
18 1732755082.538272858 53 210
19 1732755082.538272858 431 97
20 1732755082.538272858 509 231
21 1732755082.538272858 354 15
22 1732755082.538272858 224 18
23 1732755082.538272858 479 90
24 1732755082.538272858 128 158
25 1732755082.538272858 488 114
26 1732755082.538272858 384 48
27 1732755082.538272858 441 30
28 1732755082.538272858 472 26
0 1732755083.038272858 252 26
1 1732755083.038272858 397 46
2 1732755083.038272858 390 31
3 1732755083.038272858 454 66
4 1732755083.038272858 479 77
5 1732755083.038272858 415 56
6 1732755083.038272858 425 205
7 1732755083.038272858 20 23
8 1732755083.038272858 420 295
9 1732755083.038272858 153 288
10 1732755083.038272858 358 31
11 1732755083.038272858 67 233
12 1732755083.038272858 521 107
13 1732755083.038272858 524 79
14 1732755083.038272858 471 177
15 1732755083.038272858 503 99
16 1732755083.038272858 490 190
17 1732755083.038272858 350 56
18 1732755083.038272858 54 211
19 1732755083.038272858 433 98
20 1732755083.038272858 511 231
21 1732755083.038272858 355 16
22 1732755083.038272858 225 19
23 1732755083.038272858 482 91
24 1732755083.038272858 129 159
25 1732755083.038272858 489 113
26 1732755083.038272858 385 48
27 1732755083.038272858 442 31
28 1732755083.038272858 474 26
0 1732755083.538272858 251 28
1 1732755083.538272858 397 50
2 1732755083.538272858 390 33
3 1732755083.538272858 454 69
4 1732755083.538272858 478 80
5 1732755083.538272858 415 60
6 1732755083.538272858 424 206
7 1732755083.538272858 19 26
8 1732755083.538272858 420 299
9 1732755083.538272858 151 291
10 1732755083.538272858 358 34
11 1732755083.538272858 67 236
12 1732755083.538272858 520 110
13 1732755083.538272858 523 82
14 1732755083.538272858 470 179
15 1732755083.538272858 503 102
16 1732755083.538272858 490 193
17 1732755083.538272858 351 61
18 1732755083.538272858 56 215
19 1732755083.538272858 434 102
20 1732755083.538272858 512 235
21 1732755083.538272858 354 18
22 1732755083.538272858 225 22
23 1732755083.538272858 482 94
24 1732755083.538272858 128 162
25 1732755083.538272858 489 115
26 1732755083.538272858 385 51
27 1732755083.538272858 443 34
28 1732755083.538272858 474 29
0 1732755084.038272858 250 31
1 1732755084.038272858 396 53
2 1732755084.038272858 389 35
3 1732755084.038272858 453 71
4 1732755084.038272858 478 83
5 1732755084.038272858 415 63
6 1732755084.038272858 424 209
7 1732755084.038272858 18 28
8 1732755084.038272858 420 301
9 1732755084.038272858 152 296
10 1732755084.038272858 358 37
11 1732755084.038272858 67 238
12 1732755084.038272858 520 113
13 1732755084.038272858 522 84
14 1732755084.038272858 469 180
15 1732755084.038272858 503 105
16 1732755084.038272858 489 194
17 1732755084.038272858 351 64
18 1732755084.038272858 55 217
19 1732755084.038272858 434 102
20 1732755084.038272858 514 239
21 1732755084.038272858 354 20
22 1732755084.038272858 224 24
23 1732755084.038272858 482 96
24 1732755084.038272858 128 164
25 1732755084.038272858 488 117
26 1732755084.038272858 385 54
27 1732755084.038272858 442 36
28 1732755084.038272858 473 32
0 1732755084.538272858 251 32
1 1732755084.538272858 397 54
2 1732755084.538272858 390 35
3 1732755084.538272858 454 72
4 1732755084.538272858 479 84
5 1732755084.538272858 415 63
6 1732755084.538272858 424 210
7 1732755084.538272858 18 28
8 1732755084.538272858 420 302
9 1732755084.538272858 152 296
10 1732755084.538272858 358 38
11 1732755084.538272858 67 239
12 1732755084.538272858 520 113
13 1732755084.538272858 523 85
14 1732755084.538272858 469 181
15 1732755084.538272858 504 106
16 1732755084.538272858 490 195
17 1732755084.538272858 351 65
18 1732755084.538272858 56 218
19 1732755084.538272858 434 103
20 1732755084.538272858 513 240
21 1732755084.538272858 354 21
22 1732755084.538272858 225 25
23 1732755084.538272858 482 96
24 1732755084.538272858 128 164
25 1732755084.538272858 489 117
26 1732755084.538272858 385 55
27 1732755084.538272858 443 37
28 1732755084.538272858 475 33
0 1732755085.038272858 250 32
1 1732755085.038272858 397 53
2 1732755085.038272858 389 36
3 1732755085.038272858 454 72
4 1732755085.038272858 480 85
5 1732755085.038272858 415 63
6 1732755085.038272858 424 212
7 1732755085.038272858 18 29
8 1732755085.038272858 420 302
9 1732755085.038272858 153 297
10 1732755085.038272858 358 38
11 1732755085.038272858 67 239
12 1732755085.038272858 519 114
13 1732755085.038272858 523 85
14 1732755085.038272858 470 181
15 1732755085.038272858 503 107
16 1732755085.038272858 491 195
17 1732755085.038272858 351 65
18 1732755085.038272858 55 218
19 1732755085.038272858 435 104
20 1732755085.038272858 513 240
21 1732755085.038272858 353 21
22 1732755085.038272858 225 25
23 1732755085.038272858 482 97
24 1732755085.038272858 128 165
25 1732755085.038272858 489 118
26 1732755085.038272858 385 55
27 1732755085.038272858 443 38
28 1732755085.038272858 476 34
