0 1732755072.538272858 416 318
1 1732755072.538272858 87 11
2 1732755072.538272858 408 280
3 1732755072.538272858 200 246
4 1732755072.538272858 370 315
5 1732755072.538272858 400 221
6 1732755072.538272858 174 209
7 1732755072.538272858 382 18
8 1732755072.538272858 278 8
9 1732755072.538272858 507 56
10 1732755072.538272858 348 345
11 1732755072.538272858 64 15
12 1732755072.538272858 314 235
13 1732755072.538272858 394 297
14 1732755072.538272858 494 199
15 1732755072.538272858 368 24
16 1732755072.538272858 333 302
17 1732755072.538272858 211 285
18 1732755072.538272858 388 312
0 1732755073.038272858 416 317
1 1732755073.038272858 87 10
2 1732755073.038272858 408 279
3 1732755073.038272858 200 245
4 1732755073.038272858 370 314
5 1732755073.038272858 400 220
6 1732755073.038272858 174 208
7 1732755073.038272858 382 17
8 1732755073.038272858 278 8
9 1732755073.038272858 507 55
10 1732755073.038272858 348 344
11 1732755073.038272858 64 14
12 1732755073.038272858 314 234
13 1732755073.038272858 394 296
14 1732755073.038272858 494 198
15 1732755073.038272858 368 23
16 1732755073.038272858 333 301
17 1732755073.038272858 211 284
18 1732755073.038272858 388 311
0 1732755073.538272858 419 317
1 1732755073.538272858 88 8
2 1732755073.538272858 408 279
3 1732755073.538272858 203 246
4 1732755073.538272858 371 313
5 1732755073.538272858 402 220
6 1732755073.538272858 175 207
7 1732755073.538272858 382 18
8 1732755073.538272858 281 7
9 1732755073.538272858 508 55
10 1732755073.538272858 351 344
11 1732755073.538272858 66 14
12 1732755073.538272858 317 235
13 1732755073.538272858 396 296
14 1732755073.538272858 496 198
15 1732755073.538272858 369 23
16 1732755073.538272858 333 300
17 1732755073.538272858 213 284
18 1732755073.538272858 390 311
0 1732755074.038272858 417 319
1 1732755074.038272858 88 11
2 1732755074.038272858 408 281
3 1732755074.038272858 202 248
4 1732755074.038272858 368 314
5 1732755074.038272858 398 219
6 1732755074.038272858 172 208
7 1732755074.038272858 382 19
8 1732755074.038272858 280 8
9 1732755074.038272858 508 57
10 1732755074.038272858 352 346
11 1732755074.038272858 66 16
12 1732755074.038272858 314 236
13 1732755074.038272858 393 296
14 1732755074.038272858 492 200
15 1732755074.038272858 369 24
16 1732755074.038272858 334 304
17 1732755074.038272858 213 285
18 1732755074.038272858 389 313
0 1732755074.538272858 417 319
1 1732755074.538272858 88 9
2 1732755074.538272858 407 279
3 1732755074.538272858 202 246
4 1732755074.538272858 368 312
5 1732755074.538272858 396 218
6 1732755074.538272858 172 211
7 1732755074.538272858 383 19
8 1732755074.538272858 280 7
9 1732755074.538272858 508 57
10 1732755074.538272858 351 344
11 1732755074.538272858 66 13
12 1732755074.538272858 314 237
13 1732755074.538272858 393 296
14 1732755074.538272858 490 198
15 1732755074.538272858 368 22
16 1732755074.538272858 332 303
17 1732755074.538272858 212 288
18 1732755074.538272858 389 311
0 1732755075.038272858 417 318
1 1732755075.038272858 88 7
2 1732755075.038272858 405 280
3 1732755075.038272858 201 244
4 1732755075.038272858 366 309
5 1732755075.038272858 395 217
6 1732755075.038272858 172 211
7 1732755075.038272858 383 20
8 1732755075.038272858 282 7
9 1732755075.038272858 507 56
10 1732755075.038272858 350 342
11 1732755075.038272858 67 10
12 1732755075.038272858 313 237
13 1732755075.038272858 393 295
14 1732755075.038272858 489 197
15 1732755075.038272858 367 21
16 1732755075.038272858 332 304
17 1732755075.038272858 211 289
18 1732755075.038272858 388 309
0 1732755075.538272858 419 318
1 1732755075.538272858 90 7
2 1732755075.538272858 405 279
3 1732755075.538272858 201 243
4 1732755075.538272858 365 307
5 1732755075.538272858 395 216
6 1732755075.538272858 173 211
7 1732755075.538272858 384 18
8 1732755075.538272858 282 7
9 1732755075.538272858 507 55
10 1732755075.538272858 350 341
11 1732755075.538272858 68 9
12 1732755075.538272858 312 237
13 1732755075.538272858 393 294
14 1732755075.538272858 487 195
15 1732755075.538272858 368 20
16 1732755075.538272858 332 305
17 1732755075.538272858 211 290
18 1732755075.538272858 388 308
0 1732755076.038272858 420 317
1 1732755076.038272858 91 8
2 1732755076.038272858 407 278
3 1732755076.038272858 202 241
4 1732755076.038272858 364 305
5 1732755076.038272858 396 215
6 1732755076.038272858 174 210
7 1732755076.038272858 385 17
8 1732755076.038272858 282 7
9 1732755076.038272858 509 55
10 1732755076.038272858 350 340
11 1732755076.038272858 71 8
12 1732755076.038272858 313 236
13 1732755076.038272858 393 294
14 1732755076.038272858 486 195
15 1732755076.038272858 369 21
16 1732755076.038272858 332 307
17 1732755076.038272858 212 292
18 1732755076.038272858 388 307
0 1732755076.538272858 422 321
1 1732755076.538272858 90 10
2 1732755076.538272858 407 281
3 1732755076.538272858 200 241
4 1732755076.538272858 365 308
5 1732755076.538272858 393 218
6 1732755076.538272858 172 211
7 1732755076.538272858 384 20
8 1732755076.538272858 281 8
9 1732755076.538272858 508 57
10 1732755076.538272858 349 345
11 1732755076.538272858 70 10
12 1732755076.538272858 312 237
13 1732755076.538272858 394 296
14 1732755076.538272858 487 198
15 1732755076.538272858 369 23
16 1732755076.538272858 332 309
17 1732755076.538272858 215 294
18 1732755076.538272858 388 310
0 1732755077.038272858 422 321
1 1732755077.038272858 90 8
2 1732755077.038272858 407 281
3 1732755077.038272858 200 241
4 1732755077.038272858 365 311
5 1732755077.038272858 393 217
6 1732755077.038272858 172 213
7 1732755077.038272858 385 19
8 1732755077.038272858 282 8
9 1732755077.038272858 509 57
10 1732755077.038272858 347 344
11 1732755077.038272858 71 10
12 1732755077.038272858 312 238
13 1732755077.038272858 394 296
14 1732755077.038272858 488 198
15 1732755077.038272858 370 23
16 1732755077.038272858 331 310
17 1732755077.038272858 217 295
18 1732755077.038272858 388 311
0 1732755077.538272858 422 320
1 1732755077.538272858 91 8
2 1732755077.538272858 406 282
3 1732755077.538272858 200 239
4 1732755077.538272858 365 315
5 1732755077.538272858 394 217
6 1732755077.538272858 172 215
7 1732755077.538272858 384 19
8 1732755077.538272858 281 8
9 1732755077.538272858 508 57
10 1732755077.538272858 346 344
11 1732755077.538272858 71 8
12 1732755077.538272858 312 239
13 1732755077.538272858 394 296
14 1732755077.538272858 487 199
15 1732755077.538272858 371 23
16 1732755077.538272858 329 311
17 1732755077.538272858 218 296
18 1732755077.538272858 388 311
0 1732755078.038272858 423 319
1 1732755078.038272858 93 8
2 1732755078.038272858 408 282
3 1732755078.038272858 201 239
4 1732755078.038272858 366 315
5 1732755078.038272858 396 217
6 1732755078.038272858 173 216
7 1732755078.038272858 385 19
8 1732755078.038272858 282 7
9 1732755078.038272858 509 57
10 1732755078.038272858 345 344
11 1732755078.038272858 73 7
12 1732755078.038272858 312 241
13 1732755078.038272858 395 296
14 1732755078.038272858 487 199
15 1732755078.038272858 372 22
16 1732755078.038272858 329 312
17 1732755078.038272858 219 297
18 1732755078.038272858 389 311
0 1732755078.538272858 423 318
1 1732755078.538272858 95 7
2 1732755078.538272858 409 283
3 1732755078.538272858 203 238
4 1732755078.538272858 366 316
5 1732755078.538272858 398 217
6 1732755078.538272858 175 216
7 1732755078.538272858 386 18
8 1732755078.538272858 283 7
9 1732755078.538272858 509 55
10 1732755078.538272858 344 343
11 1732755078.538272858 75 7
12 1732755078.538272858 313 241
13 1732755078.538272858 396 296
14 1732755078.538272858 487 199
15 1732755078.538272858 373 22
16 1732755078.538272858 330 313
17 1732755078.538272858 220 297
18 1732755078.538272858 389 310
0 1732755079.038272858 423 316
1 1732755079.038272858 96 7
2 1732755079.038272858 410 283
3 1732755079.038272858 205 238
4 1732755079.038272858 367 316
5 1732755079.038272858 400 217
6 1732755079.038272858 176 217
7 1732755079.038272858 385 17
8 1732755079.038272858 283 7
9 1732755079.038272858 510 55
10 1732755079.038272858 343 343
11 1732755079.038272858 75 7
12 1732755079.038272858 315 242
13 1732755079.038272858 397 295
14 1732755079.038272858 489 199
15 1732755079.038272858 375 23
16 1732755079.038272858 330 314
17 1732755079.038272858 222 297
18 1732755079.038272858 390 309
0 1732755079.538272858 424 315
1 1732755079.538272858 97 6
2 1732755079.538272858 410 284
3 1732755079.538272858 207 237
4 1732755079.538272858 368 316
5 1732755079.538272858 402 217
6 1732755079.538272858 178 217
7 1732755079.538272858 386 16
8 1732755079.538272858 284 9
9 1732755079.538272858 512 55
10 1732755079.538272858 343 342
11 1732755079.538272858 76 6
12 1732755079.538272858 316 242
13 1732755079.538272858 398 294
14 1732755079.538272858 491 199
15 1732755079.538272858 376 22
16 1732755079.538272858 330 314
17 1732755079.538272858 224 298
18 1732755079.538272858 391 309
0 1732755080.038272858 426 319
1 1732755080.038272858 97 9
2 1732755080.038272858 411 287
3 1732755080.038272858 210 241
4 1732755080.038272858 371 320
5 1732755080.038272858 401 220
6 1732755080.038272858 179 221
7 1732755080.038272858 386 19
8 1732755080.038272858 284 12
9 1732755080.038272858 514 60
10 1732755080.038272858 342 343
11 1732755080.038272858 77 10
12 1732755080.038272858 313 241
13 1732755080.038272858 400 298
14 1732755080.038272858 493 204
15 1732755080.038272858 377 26
16 1732755080.038272858 332 316
17 1732755080.038272858 226 301
18 1732755080.038272858 392 313
0 1732755080.538272858 427 319
1 1732755080.538272858 98 7
2 1732755080.538272858 412 288
3 1732755080.538272858 209 242
4 1732755080.538272858 371 321
5 1732755080.538272858 402 220
6 1732755080.538272858 178 223
7 1732755080.538272858 387 20
8 1732755080.538272858 286 13
9 1732755080.538272858 514 61
10 1732755080.538272858 342 343
11 1732755080.538272858 78 10
12 1732755080.538272858 311 241
13 1732755080.538272858 399 298
14 1732755080.538272858 493 205
15 1732755080.538272858 378 26
16 1732755080.538272858 333 317
17 1732755080.538272858 227 303
18 1732755080.538272858 393 315
0 1732755081.038272858 428 320
1 1732755081.038272858 98 6
2 1732755081.038272858 413 289
3 1732755081.038272858 209 242
4 1732755081.038272858 371 322
5 1732755081.038272858 402 221
6 1732755081.038272858 178 225
7 1732755081.038272858 387 20
8 1732755081.038272858 287 14
9 1732755081.038272858 515 62
10 1732755081.038272858 343 343
11 1732755081.038272858 78 9
12 1732755081.038272858 311 242
13 1732755081.038272858 399 299
14 1732755081.038272858 494 207
15 1732755081.038272858 378 27
16 1732755081.038272858 334 318
17 1732755081.038272858 229 305
18 1732755081.038272858 394 315
0 1732755081.538272858 430 321
1 1732755081.538272858 99 7
2 1732755081.538272858 414 290
3 1732755081.538272858 209 242
4 1732755081.538272858 371 321
5 1732755081.538272858 404 221
6 1732755081.538272858 180 226
7 1732755081.538272858 389 20
8 1732755081.538272858 288 14
9 1732755081.538272858 517 62
10 1732755081.538272858 344 343
11 1732755081.538272858 80 9
12 1732755081.538272858 312 242
13 1732755081.538272858 401 299
14 1732755081.538272858 495 208
15 1732755081.538272858 378 26
16 1732755081.538272858 336 318
17 1732755081.538272858 231 306
18 1732755081.538272858 395 315
0 1732755082.038272858 432 321
1 1732755082.038272858 100 7
2 1732755082.038272858 416 290
3 1732755082.038272858 211 241
4 1732755082.038272858 372 321
5 1732755082.038272858 406 221
6 1732755082.038272858 181 227
7 1732755082.038272858 390 20
8 1732755082.038272858 289 15
9 1732755082.038272858 519 63
10 1732755082.038272858 346 344
11 1732755082.038272858 81 9
12 1732755082.038272858 312 242
13 1732755082.038272858 403 299
14 1732755082.038272858 496 209
15 1732755082.038272858 378 26
16 1732755082.038272858 337 319
17 1732755082.038272858 233 307
18 1732755082.038272858 396 315
0 1732755082.538272858 433 321
1 1732755082.538272858 101 6
2 1732755082.538272858 418 291
3 1732755082.538272858 212 241
4 1732755082.538272858 373 321
5 1732755082.538272858 408 221
6 1732755082.538272858 183 227
7 1732755082.538272858 390 20
8 1732755082.538272858 290 16
9 1732755082.538272858 520 64
10 1732755082.538272858 348 344
11 1732755082.538272858 81 8
12 1732755082.538272858 313 242
13 1732755082.538272858 405 300
14 1732755082.538272858 498 211
15 1732755082.538272858 379 26
16 1732755082.538272858 339 320
17 1732755082.538272858 235 309
18 1732755082.538272858 397 316
0 1732755083.038272858 435 321
1 1732755083.038272858 102 7
2 1732755083.038272858 420 292
3 1732755083.038272858 213 240
4 1732755083.038272858 375 320
5 1732755083.038272858 410 222
6 1732755083.038272858 184 226
7 1732755083.038272858 391 20
8 1732755083.038272858 291 16
9 1732755083.038272858 522 65
10 1732755083.038272858 349 344
11 1732755083.038272858 82 9
12 1732755083.038272858 314 242
13 1732755083.038272858 405 299
14 1732755083.038272858 499 212
15 1732755083.038272858 379 25
16 1732755083.038272858 341 320
17 1732755083.038272858 237 310
18 1732755083.038272858 399 316
0 1732755083.538272858 439 326
1 1732755083.538272858 102 10
2 1732755083.538272858 421 295
3 1732755083.538272858 213 243
4 1732755083.538272858 375 324
5 1732755083.538272858 411 225
6 1732755083.538272858 184 230
7 1732755083.538272858 391 23
8 1732755083.538272858 291 19
9 1732755083.538272858 522 68
10 1732755083.538272858 352 349
11 1732755083.538272858 81 10
12 1732755083.538272858 314 245
13 1732755083.538272858 406 303
14 1732755083.538272858 499 215
15 1732755083.538272858 379 28
16 1732755083.538272858 341 323
17 1732755083.538272858 236 312
18 1732755083.538272858 400 320
0 1732755084.038272858 438 327
1 1732755084.038272858 101 13
2 1732755084.038272858 420 297
3 1732755084.038272858 212 246
4 1732755084.038272858 376 327
5 1732755084.038272858 411 228
6 1732755084.038272858 183 232
7 1732755084.038272858 390 25
8 1732755084.038272858 290 22
9 1732755084.038272858 522 71
10 1732755084.038272858 351 351
11 1732755084.038272858 80 13
12 1732755084.038272858 313 247
13 1732755084.038272858 406 305
14 1732755084.038272858 499 217
15 1732755084.038272858 379 30
16 1732755084.038272858 340 326
17 1732755084.038272858 235 315
18 1732755084.038272858 400 322
0 1732755084.538272858 438 327
1 1732755084.538272858 102 13
2 1732755084.538272858 421 299
3 1732755084.538272858 213 247
4 1732755084.538272858 377 328
5 1732755084.538272858 411 229
6 1732755084.538272858 183 233
7 1732755084.538272858 391 26
8 1732755084.538272858 291 23
9 1732755084.538272858 523 72
10 1732755084.538272858 352 352
11 1732755084.538272858 81 12
12 1732755084.538272858 313 248
13 1732755084.538272858 406 306
14 1732755084.538272858 500 219
15 1732755084.538272858 380 31
16 1732755084.538272858 341 328
17 1732755084.538272858 236 316
18 1732755084.538272858 400 323
0 1732755085.038272858 438 327
1 1732755085.038272858 102 14
2 1732755085.038272858 421 299
3 1732755085.038272858 211 247
4 1732755085.038272858 377 329
5 1732755085.038272858 412 230
6 1732755085.038272858 182 233
7 1732755085.038272858 389 26
8 1732755085.038272858 290 23
9 1732755085.038272858 523 72
10 1732755085.038272858 352 352
11 1732755085.038272858 82 13
12 1732755085.038272858 312 249
13 1732755085.038272858 406 306
14 1732755085.038272858 500 220
15 1732755085.038272858 378 31
16 1732755085.038272858 340 328
17 1732755085.038272858 236 318
18 1732755085.038272858 400 323
