0 1732755072.538272858 60 57
1 1732755072.538272858 453 45
2 1732755072.538272858 80 27
3 1732755072.538272858 467 57
4 1732755072.538272858 486 83
5 1732755072.538272858 26 35
6 1732755072.538272858 20 49
7 1732755072.538272858 502 85
8 1732755072.538272858 59 289
9 1732755072.538272858 408 121
10 1732755072.538272858 438 104
11 1732755072.538272858 507 103
12 1732755072.538272858 437 88
13 1732755072.538272858 113 219
14 1732755072.538272858 224 59
15 1732755072.538272858 420 84
16 1732755072.538272858 430 48
17 1732755072.538272858 18 71
18 1732755072.538272858 39 67
19 1732755072.538272858 46 40
20 1732755072.538272858 421 67
21 1732755072.538272858 474 72
22 1732755072.538272858 99 4
23 1732755072.538272858 8 31
24 1732755072.538272858 76 294
25 1732755072.538272858 417 100
26 1732755072.538272858 59 314
27 1732755072.538272858 44 88
28 1732755072.538272858 115 138
29 1732755072.538272858 194 55
30 1732755072.538272858 76 328
31 1732755072.538272858 183 38
32 1732755072.538272858 507 26
33 1732755072.538272858 126 65
34 1732755072.538272858 66 33
35 1732755072.538272858 440 32
36 1732755072.538272858 57 19
37 1732755072.538272858 175 132
38 1732755072.538272858 87 143
39 1732755072.538272858 399 162
40 1732755072.538272858 135 104
41 1732755072.538272858 369 151
0 1732755073.038272858 60 56
1 1732755073.038272858 453 44
2 1732755073.038272858 80 27
3 1732755073.038272858 467 56
4 1732755073.038272858 486 82
5 1732755073.038272858 26 34
6 1732755073.038272858 20 48
7 1732755073.038272858 502 84
8 1732755073.038272858 59 288
9 1732755073.038272858 408 120
10 1732755073.038272858 438 103
11 1732755073.038272858 507 102
12 1732755073.038272858 437 87
13 1732755073.038272858 113 218
14 1732755073.038272858 224 58
15 1732755073.038272858 420 83
16 1732755073.038272858 430 47
17 1732755073.038272858 18 70
18 1732755073.038272858 39 66
19 1732755073.038272858 46 39
20 1732755073.038272858 421 67
21 1732755073.038272858 474 71
22 1732755073.038272858 98 3
23 1732755073.038272858 8 30
24 1732755073.038272858 76 293
25 1732755073.038272858 417 99
26 1732755073.038272858 59 313
27 1732755073.038272858 44 87
28 1732755073.038272858 114 137
29 1732755073.038272858 194 54
30 1732755073.038272858 76 327
31 1732755073.038272858 183 37
32 1732755073.038272858 507 25
33 1732755073.038272858 126 64
34 1732755073.038272858 66 32
35 1732755073.038272858 440 31
36 1732755073.038272858 57 18
37 1732755073.038272858 175 131
38 1732755073.038272858 86 142
39 1732755073.038272858 399 161
40 1732755073.038272858 135 103
41 1732755073.038272858 369 150
0 1732755073.538272858 61 54
1 1732755073.538272858 457 45
2 1732755073.538272858 79 24
3 1732755073.538272858 468 56
4 1732755073.538272858 486 82
5 1732755073.538272858 29 33
6 1732755073.538272858 21 46
7 1732755073.538272858 503 85
8 1732755073.538272858 60 285
9 1732755073.538272858 408 118
10 1732755073.538272858 438 101
11 1732755073.538272858 509 101
12 1732755073.538272858 439 86
13 1732755073.538272858 114 216
14 1732755073.538272858 226 57
15 1732755073.538272858 421 81
16 1732755073.538272858 431 47
17 1732755073.538272858 18 68
18 1732755073.538272858 38 64
19 1732755073.538272858 46 38
20 1732755073.538272858 423 65
21 1732755073.538272858 475 71
22 1732755073.538272858 99 3
23 1732755073.538272858 10 30
24 1732755073.538272858 76 290
25 1732755073.538272858 418 97
26 1732755073.538272858 60 311
27 1732755073.538272858 47 88
28 1732755073.538272858 115 136
29 1732755073.538272858 195 52
30 1732755073.538272858 77 325
31 1732755073.538272858 181 36
32 1732755073.538272858 508 23
33 1732755073.538272858 127 63
34 1732755073.538272858 67 31
35 1732755073.538272858 441 32
36 1732755073.538272858 60 17
37 1732755073.538272858 175 129
38 1732755073.538272858 84 140
39 1732755073.538272858 400 159
40 1732755073.538272858 135 102
41 1732755073.538272858 370 148
0 1732755074.038272858 59 53
1 1732755074.038272858 456 47
2 1732755074.038272858 80 27
3 1732755074.038272858 465 54
4 1732755074.038272858 486 85
5 1732755074.038272858 33 36
6 1732755074.038272858 22 47
7 1732755074.038272858 502 86
8 1732755074.038272858 60 288
9 1732755074.038272858 410 120
10 1732755074.038272858 438 101
11 1732755074.038272858 508 103
12 1732755074.038272858 440 88
13 1732755074.038272858 112 217
14 1732755074.038272858 227 61
15 1732755074.038272858 420 83
16 1732755074.038272858 430 48
17 1732755074.038272858 15 68
18 1732755074.038272858 34 62
19 1732755074.038272858 43 36
20 1732755074.038272858 422 66
21 1732755074.038272858 474 74
22 1732755074.038272858 98 5
23 1732755074.038272858 8 32
24 1732755074.038272858 77 293
25 1732755074.038272858 417 99
26 1732755074.038272858 62 309
27 1732755074.038272858 46 88
28 1732755074.038272858 111 136
29 1732755074.038272858 195 56
30 1732755074.038272858 79 323
31 1732755074.038272858 181 39
32 1732755074.038272858 506 22
33 1732755074.038272858 124 61
34 1732755074.038272858 66 31
35 1732755074.038272858 440 33
36 1732755074.038272858 60 20
37 1732755074.038272858 173 129
38 1732755074.038272858 84 141
39 1732755074.038272858 401 157
40 1732755074.038272858 135 104
41 1732755074.038272858 372 146
0 1732755074.538272858 60 53
1 1732755074.538272858 455 46
2 1732755074.538272858 77 25
3 1732755074.538272858 466 55
4 1732755074.538272858 486 84
5 1732755074.538272858 31 35
6 1732755074.538272858 20 46
7 1732755074.538272858 503 87
8 1732755074.538272858 59 286
9 1732755074.538272858 410 120
10 1732755074.538272858 438 98
11 1732755074.538272858 508 102
12 1732755074.538272858 440 87
13 1732755074.538272858 111 216
14 1732755074.538272858 226 59
15 1732755074.538272858 420 80
16 1732755074.538272858 432 46
17 1732755074.538272858 14 67
18 1732755074.538272858 33 60
19 1732755074.538272858 42 36
20 1732755074.538272858 422 65
21 1732755074.538272858 475 74
22 1732755074.538272858 97 2
23 1732755074.538272858 7 30
24 1732755074.538272858 75 291
25 1732755074.538272858 414 98
26 1732755074.538272858 64 307
27 1732755074.538272858 45 87
28 1732755074.538272858 112 137
29 1732755074.538272858 194 54
30 1732755074.538272858 81 322
31 1732755074.538272858 182 38
32 1732755074.538272858 505 25
33 1732755074.538272858 124 61
34 1732755074.538272858 64 31
35 1732755074.538272858 438 31
36 1732755074.538272858 58 17
37 1732755074.538272858 174 129
38 1732755074.538272858 84 140
39 1732755074.538272858 403 158
40 1732755074.538272858 137 102
41 1732755074.538272858 374 145
0 1732755075.038272858 61 52
1 1732755075.038272858 454 45
2 1732755075.038272858 76 23
3 1732755075.038272858 467 55
4 1732755075.038272858 487 83
5 1732755075.038272858 30 35
6 1732755075.038272858 18 45
7 1732755075.038272858 504 88
8 1732755075.038272858 59 284
9 1732755075.038272858 411 119
10 1732755075.038272858 437 94
11 1732755075.038272858 509 101
12 1732755075.038272858 440 86
13 1732755075.038272858 111 214
14 1732755075.038272858 225 57
15 1732755075.038272858 419 79
16 1732755075.038272858 432 45
17 1732755075.038272858 12 66
18 1732755075.038272858 33 61
19 1732755075.038272858 41 37
20 1732755075.038272858 423 65
21 1732755075.038272858 475 74
22 1732755075.038272858 97 1
23 1732755075.038272858 6 28
24 1732755075.038272858 75 289
25 1732755075.038272858 413 97
26 1732755075.038272858 65 306
27 1732755075.038272858 45 87
28 1732755075.038272858 112 137
29 1732755075.038272858 194 53
30 1732755075.038272858 82 321
31 1732755075.038272858 184 38
32 1732755075.038272858 504 27
33 1732755075.038272858 123 61
34 1732755075.038272858 62 30
35 1732755075.038272858 437 29
36 1732755075.038272858 57 14
37 1732755075.038272858 173 128
38 1732755075.038272858 83 139
39 1732755075.038272858 404 158
40 1732755075.038272858 138 101
41 1732755075.038272858 375 144
0 1732755075.538272858 62 50
1 1732755075.538272858 452 44
2 1732755075.538272858 75 22
3 1732755075.538272858 469 55
4 1732755075.538272858 487 83
5 1732755075.538272858 30 36
6 1732755075.538272858 18 44
7 1732755075.538272858 504 88
8 1732755075.538272858 60 283
9 1732755075.538272858 413 118
10 1732755075.538272858 438 92
11 1732755075.538272858 510 99
12 1732755075.538272858 439 84
13 1732755075.538272858 111 211
14 1732755075.538272858 227 56
15 1732755075.538272858 419 77
16 1732755075.538272858 434 45
17 1732755075.538272858 11 65
18 1732755075.538272858 33 61
19 1732755075.538272858 40 37
20 1732755075.538272858 425 64
21 1732755075.538272858 476 74
22 1732755075.538272858 98 1
23 1732755075.538272858 7 27
24 1732755075.538272858 75 287
25 1732755075.538272858 412 96
26 1732755075.538272858 67 304
27 1732755075.538272858 44 86
28 1732755075.538272858 113 136
29 1732755075.538272858 196 52
30 1732755075.538272858 84 320
31 1732755075.538272858 184 38
32 1732755075.538272858 505 28
33 1732755075.538272858 123 62
34 1732755075.538272858 63 29
35 1732755075.538272858 436 28
36 1732755075.538272858 56 12
37 1732755075.538272858 172 127
38 1732755075.538272858 84 138
39 1732755075.538272858 405 158
40 1732755075.538272858 139 100
41 1732755075.538272858 377 143
0 1732755076.038272858 63 49
1 1732755076.038272858 452 44
2 1732755076.038272858 75 22
3 1732755076.038272858 470 55
4 1732755076.038272858 488 83
5 1732755076.038272858 31 36
6 1732755076.038272858 18 41
7 1732755076.038272858 507 89
8 1732755076.038272858 62 282
9 1732755076.038272858 414 117
10 1732755076.038272858 439 90
11 1732755076.038272858 513 98
12 1732755076.038272858 439 82
13 1732755076.038272858 111 209
14 1732755076.038272858 228 56
15 1732755076.038272858 419 75
16 1732755076.038272858 434 46
17 1732755076.038272858 9 63
18 1732755076.038272858 33 62
19 1732755076.038272858 41 37
20 1732755076.038272858 426 63
21 1732755076.038272858 477 74
22 1732755076.038272858 98 2
23 1732755076.038272858 8 26
24 1732755076.038272858 77 285
25 1732755076.038272858 413 96
26 1732755076.038272858 68 303
27 1732755076.038272858 44 85
28 1732755076.038272858 114 135
29 1732755076.038272858 197 50
30 1732755076.038272858 85 319
31 1732755076.038272858 185 37
32 1732755076.038272858 506 29
33 1732755076.038272858 123 62
34 1732755076.038272858 63 28
35 1732755076.038272858 436 28
36 1732755076.038272858 57 12
37 1732755076.038272858 172 127
38 1732755076.038272858 85 136
39 1732755076.038272858 406 157
40 1732755076.038272858 141 98
41 1732755076.038272858 378 142
0 1732755076.538272858 62 50
1 1732755076.538272858 451 46
2 1732755076.538272858 75 25
3 1732755076.538272858 470 57
4 1732755076.538272858 488 85
5 1732755076.538272858 30 39
6 1732755076.538272858 17 45
7 1732755076.538272858 507 92
8 1732755076.538272858 63 284
9 1732755076.538272858 416 116
10 1732755076.538272858 438 90
11 1732755076.538272858 513 100
12 1732755076.538272858 440 85
13 1732755076.538272858 110 212
14 1732755076.538272858 227 59
15 1732755076.538272858 421 79
16 1732755076.538272858 434 48
17 1732755076.538272858 8 63
18 1732755076.538272858 32 62
19 1732755076.538272858 41 38
20 1732755076.538272858 425 65
21 1732755076.538272858 477 77
22 1732755076.538272858 98 4
23 1732755076.538272858 8 29
24 1732755076.538272858 75 288
25 1732755076.538272858 409 95
26 1732755076.538272858 69 305
27 1732755076.538272858 44 87
28 1732755076.538272858 114 137
29 1732755076.538272858 197 52
30 1732755076.538272858 87 318
31 1732755076.538272858 184 39
32 1732755076.538272858 506 32
33 1732755076.538272858 119 62
34 1732755076.538272858 64 31
35 1732755076.538272858 435 30
36 1732755076.538272858 57 15
37 1732755076.538272858 172 130
38 1732755076.538272858 85 139
39 1732755076.538272858 407 157
40 1732755076.538272858 142 103
41 1732755076.538272858 380 141
0 1732755077.038272858 61 50
1 1732755077.038272858 452 46
2 1732755077.038272858 73 23
3 1732755077.038272858 471 58
4 1732755077.038272858 488 85
5 1732755077.038272858 29 40
6 1732755077.038272858 16 45
7 1732755077.038272858 508 92
8 1732755077.038272858 63 284
9 1732755077.038272858 416 115
10 1732755077.038272858 438 91
11 1732755077.038272858 513 100
12 1732755077.038272858 439 84
13 1732755077.038272858 109 212
14 1732755077.038272858 228 57
15 1732755077.038272858 420 78
16 1732755077.038272858 435 48
17 1732755077.038272858 7 62
18 1732755077.038272858 32 63
19 1732755077.038272858 41 40
20 1732755077.038272858 425 65
21 1732755077.038272858 478 77
22 1732755077.038272858 96 2
23 1732755077.038272858 10 29
24 1732755077.038272858 74 288
25 1732755077.038272858 407 94
26 1732755077.038272858 66 305
27 1732755077.038272858 44 87
28 1732755077.038272858 114 138
29 1732755077.038272858 198 51
30 1732755077.038272858 88 317
31 1732755077.038272858 185 39
32 1732755077.038272858 507 32
33 1732755077.038272858 119 65
34 1732755077.038272858 63 31
35 1732755077.038272858 435 30
36 1732755077.038272858 57 14
37 1732755077.038272858 170 129
38 1732755077.038272858 86 138
39 1732755077.038272858 408 157
40 1732755077.038272858 143 104
41 1732755077.038272858 381 140
0 1732755077.538272858 62 51
1 1732755077.538272858 451 46
2 1732755077.538272858 72 22
3 1732755077.538272858 472 58
4 1732755077.538272858 488 85
5 1732755077.538272858 29 40
6 1732755077.538272858 14 43
7 1732755077.538272858 509 92
8 1732755077.538272858 63 284
9 1732755077.538272858 417 114
10 1732755077.538272858 439 91
11 1732755077.538272858 514 99
12 1732755077.538272858 439 84
13 1732755077.538272858 108 211
14 1732755077.538272858 229 56
15 1732755077.538272858 421 77
16 1732755077.538272858 434 49
17 1732755077.538272858 5 61
18 1732755077.538272858 31 63
19 1732755077.538272858 42 40
20 1732755077.538272858 427 66
21 1732755077.538272858 478 78
22 1732755077.538272858 95 2
23 1732755077.538272858 9 29
24 1732755077.538272858 75 287
25 1732755077.538272858 404 93
26 1732755077.538272858 65 304
27 1732755077.538272858 44 88
28 1732755077.538272858 113 138
29 1732755077.538272858 197 50
30 1732755077.538272858 89 316
31 1732755077.538272858 186 39
32 1732755077.538272858 508 33
33 1732755077.538272858 118 67
34 1732755077.538272858 62 31
35 1732755077.538272858 435 31
36 1732755077.538272858 57 13
37 1732755077.538272858 168 128
38 1732755077.538272858 86 138
39 1732755077.538272858 409 156
40 1732755077.538272858 145 103
41 1732755077.538272858 382 139
0 1732755078.038272858 63 51
1 1732755078.038272858 451 47
2 1732755078.038272858 73 23
3 1732755078.038272858 473 59
4 1732755078.038272858 489 85
5 1732755078.038272858 29 41
6 1732755078.038272858 16 41
7 1732755078.038272858 511 93
8 1732755078.038272858 64 282
9 1732755078.038272858 418 113
10 1732755078.038272858 440 91
11 1732755078.038272858 515 99
12 1732755078.038272858 439 84
13 1732755078.038272858 108 210
14 1732755078.038272858 231 56
15 1732755078.038272858 422 76
16 1732755078.038272858 435 49
17 1732755078.038272858 4 60
18 1732755078.038272858 32 63
19 1732755078.038272858 43 40
20 1732755078.038272858 429 67
21 1732755078.038272858 479 79
22 1732755078.038272858 97 3
23 1732755078.038272858 9 29
24 1732755078.038272858 75 287
25 1732755078.038272858 402 92
26 1732755078.038272858 64 304
27 1732755078.038272858 45 89
28 1732755078.038272858 112 137
29 1732755078.038272858 198 48
30 1732755078.038272858 90 316
31 1732755078.038272858 188 40
32 1732755078.038272858 509 35
33 1732755078.038272858 119 68
34 1732755078.038272858 61 31
35 1732755078.038272858 434 30
36 1732755078.038272858 57 12
37 1732755078.038272858 167 127
38 1732755078.038272858 87 137
39 1732755078.038272858 409 155
40 1732755078.038272858 146 102
41 1732755078.038272858 383 139
0 1732755078.538272858 64 51
1 1732755078.538272858 452 47
2 1732755078.538272858 74 22
3 1732755078.538272858 473 58
4 1732755078.538272858 490 85
5 1732755078.538272858 29 42
6 1732755078.538272858 16 40
7 1732755078.538272858 512 93
8 1732755078.538272858 65 282
9 1732755078.538272858 419 112
10 1732755078.538272858 441 91
11 1732755078.538272858 517 98
12 1732755078.538272858 439 83
13 1732755078.538272858 108 209
14 1732755078.538272858 232 56
15 1732755078.538272858 423 74
16 1732755078.538272858 437 50
17 1732755078.538272858 4 58
18 1732755078.538272858 32 64
19 1732755078.538272858 45 41
20 1732755078.538272858 431 67
21 1732755078.538272858 481 79
22 1732755078.538272858 97 1
23 1732755078.538272858 10 30
24 1732755078.538272858 76 285
25 1732755078.538272858 401 91
26 1732755078.538272858 63 304
27 1732755078.538272858 45 89
28 1732755078.538272858 113 136
29 1732755078.538272858 198 48
30 1732755078.538272858 92 315
31 1732755078.538272858 190 40
32 1732755078.538272858 511 36
33 1732755078.538272858 119 70
34 1732755078.538272858 62 31
35 1732755078.538272858 434 30
36 1732755078.538272858 59 12
37 1732755078.538272858 168 127
38 1732755078.538272858 88 137
39 1732755078.538272858 410 155
40 1732755078.538272858 147 102
41 1732755078.538272858 385 138
0 1732755079.038272858 66 50
1 1732755079.038272858 453 48
2 1732755079.038272858 74 21
3 1732755079.038272858 474 58
4 1732755079.038272858 492 85
5 1732755079.038272858 30 42
6 1732755079.038272858 17 39
7 1732755079.038272858 514 94
8 1732755079.038272858 66 282
9 1732755079.038272858 420 111
10 1732755079.038272858 443 91
11 1732755079.038272858 518 97
12 1732755079.038272858 440 82
13 1732755079.038272858 109 209
14 1732755079.038272858 235 56
15 1732755079.038272858 424 72
16 1732755079.038272858 438 50
17 1732755079.038272858 5 56
18 1732755079.038272858 33 64
19 1732755079.038272858 46 41
20 1732755079.038272858 433 68
21 1732755079.038272858 483 79
22 1732755079.038272858 96 3
23 1732755079.038272858 9 30
24 1732755079.038272858 77 284
25 1732755079.038272858 400 89
26 1732755079.038272858 64 303
27 1732755079.038272858 47 90
28 1732755079.038272858 113 136
29 1732755079.038272858 198 49
30 1732755079.038272858 93 314
31 1732755079.038272858 191 41
32 1732755079.038272858 512 36
33 1732755079.038272858 120 71
34 1732755079.038272858 63 31
35 1732755079.038272858 434 29
36 1732755079.038272858 59 11
37 1732755079.038272858 169 126
38 1732755079.038272858 89 138
39 1732755079.038272858 411 154
40 1732755079.038272858 147 101
41 1732755079.038272858 386 137
0 1732755079.538272858 67 50
1 1732755079.538272858 453 48
2 1732755079.538272858 75 21
3 1732755079.538272858 476 59
4 1732755079.538272858 493 86
5 1732755079.538272858 31 43
6 1732755079.538272858 18 38
7 1732755079.538272858 515 94
8 1732755079.538272858 67 281
9 1732755079.538272858 421 111
10 1732755079.538272858 445 91
11 1732755079.538272858 520 95
12 1732755079.538272858 440 81
13 1732755079.538272858 111 209
14 1732755079.538272858 235 54
15 1732755079.538272858 425 71
16 1732755079.538272858 439 50
17 1732755079.538272858 7 53
18 1732755079.538272858 34 64
19 1732755079.538272858 48 42
20 1732755079.538272858 435 67
21 1732755079.538272858 485 79
22 1732755079.538272858 97 2
23 1732755079.538272858 10 30
24 1732755079.538272858 79 284
25 1732755079.538272858 399 88
26 1732755079.538272858 64 303
27 1732755079.538272858 48 90
28 1732755079.538272858 115 136
29 1732755079.538272858 199 46
30 1732755079.538272858 94 313
31 1732755079.538272858 192 40
32 1732755079.538272858 514 36
33 1732755079.538272858 122 73
34 1732755079.538272858 63 30
35 1732755079.538272858 434 28
36 1732755079.538272858 61 12
37 1732755079.538272858 167 126
38 1732755079.538272858 91 138
39 1732755079.538272858 411 153
40 1732755079.538272858 149 100
41 1732755079.538272858 387 136
0 1732755080.038272858 68 53
1 1732755080.038272858 456 53
2 1732755080.038272858 78 26
3 1732755080.038272858 476 62
4 1732755080.038272858 497 92
5 1732755080.038272858 30 46
6 1732755080.038272858 21 42
7 1732755080.038272858 519 100
8 1732755080.038272858 66 283
9 1732755080.038272858 421 114
10 1732755080.038272858 447 96
11 1732755080.038272858 524 101
12 1732755080.038272858 441 84
13 1732755080.038272858 111 211
14 1732755080.038272858 236 58
15 1732755080.038272858 426 74
16 1732755080.038272858 441 53
17 1732755080.038272858 8 57
18 1732755080.038272858 35 68
19 1732755080.038272858 48 46
20 1732755080.038272858 437 70
21 1732755080.038272858 486 84
22 1732755080.038272858 94 1
23 1732755080.038272858 13 35
24 1732755080.038272858 74 282
25 1732755080.038272858 400 91
26 1732755080.038272858 68 307
27 1732755080.038272858 49 95
28 1732755080.038272858 115 139
29 1732755080.038272858 199 50
30 1732755080.038272858 96 315
31 1732755080.038272858 194 45
32 1732755080.038272858 517 40
33 1732755080.038272858 123 76
34 1732755080.038272858 65 35
35 1732755080.038272858 434 31
36 1732755080.038272858 62 16
37 1732755080.038272858 168 128
38 1732755080.038272858 91 142
39 1732755080.038272858 412 153
40 1732755080.038272858 151 104
41 1732755080.038272858 388 135
0 1732755080.538272858 69 54
1 1732755080.538272858 456 54
2 1732755080.538272858 76 26
3 1732755080.538272858 477 63
4 1732755080.538272858 498 92
5 1732755080.538272858 29 46
6 1732755080.538272858 20 41
7 1732755080.538272858 519 100
8 1732755080.538272858 66 285
9 1732755080.538272858 418 113
10 1732755080.538272858 449 97
11 1732755080.538272858 525 101
12 1732755080.538272858 442 85
13 1732755080.538272858 111 213
14 1732755080.538272858 237 58
15 1732755080.538272858 427 75
16 1732755080.538272858 442 54
17 1732755080.538272858 6 58
18 1732755080.538272858 34 69
19 1732755080.538272858 49 47
20 1732755080.538272858 437 71
21 1732755080.538272858 487 85
22 1732755080.538272858 95 4
23 1732755080.538272858 13 35
24 1732755080.538272858 75 283
25 1732755080.538272858 400 92
26 1732755080.538272858 68 308
27 1732755080.538272858 49 95
28 1732755080.538272858 115 143
29 1732755080.538272858 199 50
30 1732755080.538272858 95 315
31 1732755080.538272858 195 45
32 1732755080.538272858 517 40
33 1732755080.538272858 123 79
34 1732755080.538272858 64 36
35 1732755080.538272858 434 32
36 1732755080.538272858 63 15
37 1732755080.538272858 168 129
38 1732755080.538272858 91 143
39 1732755080.538272858 412 152
40 1732755080.538272858 152 104
41 1732755080.538272858 388 135
0 1732755081.038272858 70 55
1 1732755081.038272858 456 55
2 1732755081.038272858 74 26
3 1732755081.038272858 478 64
4 1732755081.038272858 498 93
5 1732755081.038272858 28 47
6 1732755081.038272858 18 41
7 1732755081.038272858 519 101
8 1732755081.038272858 67 286
9 1732755081.038272858 416 113
10 1732755081.038272858 450 98
11 1732755081.038272858 525 102
12 1732755081.038272858 442 86
13 1732755081.038272858 111 214
14 1732755081.038272858 238 58
15 1732755081.038272858 427 75
16 1732755081.038272858 443 55
17 1732755081.038272858 5 59
18 1732755081.038272858 34 69
19 1732755081.038272858 49 48
20 1732755081.038272858 438 71
21 1732755081.038272858 488 87
22 1732755081.038272858 96 5
23 1732755081.038272858 14 35
24 1732755081.038272858 75 284
25 1732755081.038272858 400 92
26 1732755081.038272858 70 310
27 1732755081.038272858 48 96
28 1732755081.038272858 115 145
29 1732755081.038272858 199 49
30 1732755081.038272858 94 315
31 1732755081.038272858 196 45
32 1732755081.038272858 517 41
33 1732755081.038272858 124 80
34 1732755081.038272858 62 37
35 1732755081.038272858 433 33
36 1732755081.038272858 64 14
37 1732755081.038272858 169 129
38 1732755081.038272858 91 143
39 1732755081.038272858 413 152
40 1732755081.038272858 153 105
41 1732755081.038272858 389 134
0 1732755081.538272858 72 55
1 1732755081.538272858 458 55
2 1732755081.538272858 73 27
3 1732755081.538272858 480 64
4 1732755081.538272858 500 93
5 1732755081.538272858 29 47
6 1732755081.538272858 19 40
7 1732755081.538272858 519 102
8 1732755081.538272858 69 287
9 1732755081.538272858 415 112
10 1732755081.538272858 451 99
11 1732755081.538272858 526 102
12 1732755081.538272858 443 86
13 1732755081.538272858 112 214
14 1732755081.538272858 240 58
15 1732755081.538272858 429 75
16 1732755081.538272858 443 55
17 1732755081.538272858 4 59
18 1732755081.538272858 35 70
19 1732755081.538272858 51 49
20 1732755081.538272858 439 72
21 1732755081.538272858 490 88
22 1732755081.538272858 99 7
23 1732755081.538272858 15 36
24 1732755081.538272858 75 284
25 1732755081.538272858 401 91
26 1732755081.538272858 71 310
27 1732755081.538272858 48 96
28 1732755081.538272858 116 146
29 1732755081.538272858 200 48
30 1732755081.538272858 94 315
31 1732755081.538272858 197 44
32 1732755081.538272858 519 42
33 1732755081.538272858 126 82
34 1732755081.538272858 62 38
35 1732755081.538272858 434 34
36 1732755081.538272858 65 13
37 1732755081.538272858 170 130
38 1732755081.538272858 92 143
39 1732755081.538272858 413 151
40 1732755081.538272858 154 105
41 1732755081.538272858 390 133
0 1732755082.038272858 73 55
1 1732755082.038272858 459 55
2 1732755082.038272858 72 27
3 1732755082.038272858 481 64
4 1732755082.038272858 501 92
5 1732755082.038272858 30 46
6 1732755082.038272858 19 40
7 1732755082.038272858 521 102
8 1732755082.038272858 70 287
9 1732755082.038272858 415 111
10 1732755082.038272858 452 99
11 1732755082.038272858 528 102
12 1732755082.038272858 444 86
13 1732755082.038272858 113 214
14 1732755082.038272858 242 57
15 1732755082.038272858 430 75
16 1732755082.038272858 445 55
17 1732755082.038272858 5 59
18 1732755082.038272858 37 71
19 1732755082.038272858 52 50
20 1732755082.038272858 440 73
21 1732755082.038272858 491 88
22 1732755082.038272858 99 7
23 1732755082.038272858 15 36
24 1732755082.038272858 76 284
25 1732755082.038272858 402 91
26 1732755082.038272858 73 311
27 1732755082.038272858 48 96
28 1732755082.038272858 117 147
29 1732755082.038272858 200 47
30 1732755082.038272858 93 315
31 1732755082.038272858 198 45
32 1732755082.038272858 520 43
33 1732755082.038272858 127 84
34 1732755082.038272858 61 38
35 1732755082.038272858 434 34
36 1732755082.038272858 66 13
37 1732755082.038272858 171 131
38 1732755082.038272858 92 143
39 1732755082.038272858 413 150
40 1732755082.038272858 155 105
41 1732755082.038272858 390 132
0 1732755082.538272858 75 55
1 1732755082.538272858 460 55
2 1732755082.538272858 71 28
3 1732755082.538272858 482 65
4 1732755082.538272858 503 92
5 1732755082.538272858 31 46
6 1732755082.538272858 18 39
7 1732755082.538272858 522 103
8 1732755082.538272858 72 287
9 1732755082.538272858 414 111
10 1732755082.538272858 454 99
11 1732755082.538272858 529 102
12 1732755082.538272858 446 86
13 1732755082.538272858 112 213
14 1732755082.538272858 244 57
15 1732755082.538272858 431 74
16 1732755082.538272858 446 55
17 1732755082.538272858 5 59
18 1732755082.538272858 39 71
19 1732755082.538272858 54 50
20 1732755082.538272858 441 72
21 1732755082.538272858 493 88
22 1732755082.538272858 100 7
23 1732755082.538272858 15 36
24 1732755082.538272858 76 284
25 1732755082.538272858 403 91
26 1732755082.538272858 74 312
27 1732755082.538272858 47 96
28 1732755082.538272858 117 147
29 1732755082.538272858 201 47
30 1732755082.538272858 93 316
31 1732755082.538272858 199 44
32 1732755082.538272858 521 44
33 1732755082.538272858 129 86
34 1732755082.538272858 60 38
35 1732755082.538272858 434 34
36 1732755082.538272858 67 13
37 1732755082.538272858 171 131
38 1732755082.538272858 92 142
39 1732755082.538272858 414 150
40 1732755082.538272858 156 105
41 1732755082.538272858 391 132
0 1732755083.038272858 77 55
1 1732755083.038272858 461 55
2 1732755083.038272858 69 28
3 1732755083.038272858 482 65
4 1732755083.038272858 504 92
5 1732755083.038272858 31 45
6 1732755083.038272858 18 38
7 1732755083.038272858 523 103
8 1732755083.038272858 73 287
9 1732755083.038272858 414 110
10 1732755083.038272858 455 99
11 1732755083.038272858 530 102
12 1732755083.038272858 447 86
13 1732755083.038272858 112 213
14 1732755083.038272858 246 56
15 1732755083.038272858 433 73
16 1732755083.038272858 447 56
17 1732755083.038272858 5 59
18 1732755083.038272858 40 72
19 1732755083.038272858 55 50
20 1732755083.038272858 444 72
21 1732755083.038272858 495 89
22 1732755083.038272858 100 7
23 1732755083.038272858 15 36
24 1732755083.038272858 76 283
25 1732755083.038272858 404 90
26 1732755083.038272858 77 313
27 1732755083.038272858 46 96
28 1732755083.038272858 118 147
29 1732755083.038272858 201 47
30 1732755083.038272858 93 316
31 1732755083.038272858 200 44
32 1732755083.038272858 521 44
33 1732755083.038272858 130 87
34 1732755083.038272858 60 38
35 1732755083.038272858 435 35
36 1732755083.038272858 68 12
37 1732755083.038272858 171 132
38 1732755083.038272858 92 142
39 1732755083.038272858 414 149
40 1732755083.038272858 157 105
41 1732755083.038272858 391 131
0 1732755083.538272858 77 57
1 1732755083.538272858 462 58
2 1732755083.538272858 68 31
3 1732755083.538272858 482 67
4 1732755083.538272858 505 96
5 1732755083.538272858 30 47
6 1732755083.538272858 17 40
7 1732755083.538272858 522 105
8 1732755083.538272858 73 289
9 1732755083.538272858 415 111
10 1732755083.538272858 455 102
11 1732755083.538272858 529 105
12 1732755083.538272858 447 88
13 1732755083.538272858 111 215
14 1732755083.538272858 246 59
15 1732755083.538272858 433 76
16 1732755083.538272858 447 59
17 1732755083.538272858 4 60
18 1732755083.538272858 39 75
19 1732755083.538272858 55 53
20 1732755083.538272858 444 75
21 1732755083.538272858 495 92
22 1732755083.538272858 100 10
23 1732755083.538272858 14 38
24 1732755083.538272858 75 285
25 1732755083.538272858 404 93
26 1732755083.538272858 78 317
27 1732755083.538272858 46 98
28 1732755083.538272858 117 149
29 1732755083.538272858 200 50
30 1732755083.538272858 92 318
31 1732755083.538272858 199 47
32 1732755083.538272858 521 46
33 1732755083.538272858 131 90
34 1732755083.538272858 60 41
35 1732755083.538272858 434 37
36 1732755083.538272858 68 14
37 1732755083.538272858 170 134
38 1732755083.538272858 92 144
39 1732755083.538272858 414 148
40 1732755083.538272858 158 109
41 1732755083.538272858 391 131
0 1732755084.038272858 76 60
1 1732755084.038272858 461 60
2 1732755084.038272858 67 35
3 1732755084.038272858 481 69
4 1732755084.038272858 504 98
5 1732755084.038272858 29 50
6 1732755084.038272858 16 43
7 1732755084.038272858 523 108
8 1732755084.038272858 73 291
9 1732755084.038272858 412 112
10 1732755084.038272858 455 102
11 1732755084.038272858 529 107
12 1732755084.038272858 447 90
13 1732755084.038272858 110 216
14 1732755084.038272858 246 62
15 1732755084.038272858 433 77
16 1732755084.038272858 446 61
17 1732755084.038272858 3 63
18 1732755084.038272858 39 77
19 1732755084.038272858 54 56
20 1732755084.038272858 444 77
21 1732755084.038272858 495 94
22 1732755084.038272858 99 12
23 1732755084.038272858 14 41
24 1732755084.038272858 74 287
25 1732755084.038272858 403 94
26 1732755084.038272858 78 319
27 1732755084.038272858 45 102
28 1732755084.038272858 117 150
29 1732755084.038272858 199 52
30 1732755084.038272858 91 319
31 1732755084.038272858 198 49
32 1732755084.038272858 520 48
33 1732755084.038272858 132 93
34 1732755084.038272858 60 44
35 1732755084.038272858 433 39
36 1732755084.038272858 67 17
37 1732755084.038272858 169 136
38 1732755084.038272858 92 146
39 1732755084.038272858 414 151
40 1732755084.038272858 157 112
41 1732755084.038272858 390 133
0 1732755084.538272858 76 59
1 1732755084.538272858 462 61
2 1732755084.538272858 67 35
3 1732755084.538272858 481 69
4 1732755084.538272858 505 98
5 1732755084.538272858 29 51
6 1732755084.538272858 16 42
7 1732755084.538272858 523 109
8 1732755084.538272858 73 292
9 1732755084.538272858 410 112
10 1732755084.538272858 454 103
11 1732755084.538272858 529 107
12 1732755084.538272858 446 90
13 1732755084.538272858 110 217
14 1732755084.538272858 245 61
15 1732755084.538272858 433 78
16 1732755084.538272858 447 62
17 1732755084.538272858 5 64
18 1732755084.538272858 39 78
19 1732755084.538272858 56 56
20 1732755084.538272858 445 78
21 1732755084.538272858 496 96
22 1732755084.538272858 99 12
23 1732755084.538272858 14 41
24 1732755084.538272858 74 287
25 1732755084.538272858 402 96
26 1732755084.538272858 79 320
27 1732755084.538272858 44 102
28 1732755084.538272858 117 150
29 1732755084.538272858 199 52
30 1732755084.538272858 91 320
31 1732755084.538272858 199 49
32 1732755084.538272858 520 49
33 1732755084.538272858 133 94
34 1732755084.538272858 60 44
35 1732755084.538272858 434 40
36 1732755084.538272858 67 17
37 1732755084.538272858 168 137
38 1732755084.538272858 91 146
39 1732755084.538272858 413 151
40 1732755084.538272858 158 112
41 1732755084.538272858 391 133
0 1732755085.038272858 76 59
1 1732755085.038272858 461 61
2 1732755085.038272858 68 33
3 1732755085.038272858 481 70
4 1732755085.038272858 504 99
5 1732755085.038272858 28 52
6 1732755085.038272858 16 42
7 1732755085.038272858 522 109
8 1732755085.038272858 73 292
9 1732755085.038272858 408 112
10 1732755085.038272858 454 102
11 1732755085.038272858 527 107
12 1732755085.038272858 446 90
13 1732755085.038272858 109 216
14 1732755085.038272858 245 61
15 1732755085.038272858 433 78
16 1732755085.038272858 446 62
17 1732755085.038272858 5 64
18 1732755085.038272858 39 78
19 1732755085.038272858 57 57
20 1732755085.038272858 445 78
21 1732755085.038272858 495 96
22 1732755085.038272858 100 14
23 1732755085.038272858 14 41
24 1732755085.038272858 74 287
25 1732755085.038272858 401 97
26 1732755085.038272858 79 321
27 1732755085.038272858 44 103
28 1732755085.038272858 118 151
29 1732755085.038272858 199 50
30 1732755085.038272858 91 320
31 1732755085.038272858 199 49
32 1732755085.038272858 519 49
33 1732755085.038272858 133 96
34 1732755085.038272858 59 43
35 1732755085.038272858 433 40
36 1732755085.038272858 67 17
37 1732755085.038272858 168 137
38 1732755085.038272858 89 145
39 1732755085.038272858 412 150
40 1732755085.038272858 159 113
41 1732755085.038272858 389 134
