0 1732755072.538272858 416 318
1 1732755072.538272858 87 11
2 1732755072.538272858 408 280
3 1732755072.538272858 200 246
4 1732755072.538272858 370 315
5 1732755072.538272858 400 221
6 1732755072.538272858 174 209
7 1732755072.538272858 382 18
8 1732755072.538272858 278 8
9 1732755072.538272858 507 56
10 1732755072.538272858 348 345
11 1732755072.538272858 64 15
12 1732755072.538272858 314 235
13 1732755072.538272858 394 297
14 1732755072.538272858 494 199
15 1732755072.538272858 368 24
16 1732755072.538272858 333 302
17 1732755072.538272858 211 285
18 1732755072.538272858 388 312
0 1732755073.038272858 416 317
1 1732755073.038272858 87 10
2 1732755073.038272858 408 279
3 1732755073.038272858 200 245
4 1732755073.038272858 370 314
5 1732755073.038272858 400 220
6 1732755073.038272858 174 208
7 1732755073.038272858 382 17
8 1732755073.038272858 278 8
9 1732755073.038272858 507 55
10 1732755073.038272858 348 344
11 1732755073.038272858 64 14
12 1732755073.038272858 314 234
13 1732755073.038272858 394 296
14 1732755073.038272858 494 198
15 1732755073.038272858 368 23
16 1732755073.038272858 333 301
17 1732755073.038272858 211 284
18 1732755073.038272858 388 311
0 1732755073.538272858 419 318
1 1732755073.538272858 87 8
2 1732755073.538272858 408 279
3 1732755073.538272858 203 246
4 1732755073.538272858 371 313
5 1732755073.538272858 402 220
6 1732755073.538272858 175 207
7 1732755073.538272858 382 18
8 1732755073.538272858 281 7
9 1732755073.538272858 508 55
10 1732755073.538272858 351 344
11 1732755073.538272858 66 14
12 1732755073.538272858 317 235
13 1732755073.538272858 396 296
14 1732755073.538272858 496 198
15 1732755073.538272858 370 23
16 1732755073.538272858 333 300
17 1732755073.538272858 213 284
18 1732755073.538272858 390 311
0 1732755074.038272858 417 319
1 1732755074.038272858 87 10
2 1732755074.038272858 407 281
3 1732755074.038272858 202 247
4 1732755074.038272858 368 314
5 1732755074.038272858 399 219
6 1732755074.038272858 172 208
7 1732755074.038272858 382 19
8 1732755074.038272858 280 9
9 1732755074.038272858 508 57
10 1732755074.038272858 352 346
11 1732755074.038272858 66 16
12 1732755074.038272858 314 236
13 1732755074.038272858 392 296
14 1732755074.038272858 492 201
15 1732755074.038272858 369 24
16 1732755074.038272858 333 304
17 1732755074.038272858 212 285
18 1732755074.038272858 386 310
0 1732755074.538272858 417 319
1 1732755074.538272858 87 8
2 1732755074.538272858 406 279
3 1732755074.538272858 201 246
4 1732755074.538272858 368 312
5 1732755074.538272858 396 218
6 1732755074.538272858 171 211
7 1732755074.538272858 383 19
8 1732755074.538272858 280 7
9 1732755074.538272858 507 57
10 1732755074.538272858 351 343
11 1732755074.538272858 65 13
12 1732755074.538272858 314 237
13 1732755074.538272858 393 296
14 1732755074.538272858 491 199
15 1732755074.538272858 368 22
16 1732755074.538272858 332 303
17 1732755074.538272858 212 287
18 1732755074.538272858 385 309
0 1732755075.038272858 418 318
1 1732755075.038272858 88 6
2 1732755075.038272858 405 279
3 1732755075.038272858 201 244
4 1732755075.038272858 367 310
5 1732755075.038272858 395 216
6 1732755075.038272858 171 211
7 1732755075.038272858 383 19
8 1732755075.038272858 281 7
9 1732755075.038272858 506 56
10 1732755075.038272858 350 341
11 1732755075.038272858 66 10
12 1732755075.038272858 312 236
13 1732755075.038272858 393 295
14 1732755075.038272858 489 197
15 1732755075.038272858 367 21
16 1732755075.038272858 331 303
17 1732755075.038272858 211 289
18 1732755075.038272858 384 309
0 1732755075.538272858 419 318
1 1732755075.538272858 90 7
2 1732755075.538272858 405 278
3 1732755075.538272858 201 242
4 1732755075.538272858 365 307
5 1732755075.538272858 395 215
6 1732755075.538272858 172 211
7 1732755075.538272858 384 18
8 1732755075.538272858 281 7
9 1732755075.538272858 506 54
10 1732755075.538272858 350 340
11 1732755075.538272858 68 9
12 1732755075.538272858 312 236
13 1732755075.538272858 393 294
14 1732755075.538272858 487 196
15 1732755075.538272858 368 20
16 1732755075.538272858 331 305
17 1732755075.538272858 210 289
18 1732755075.538272858 384 307
0 1732755076.038272858 420 317
1 1732755076.038272858 91 6
2 1732755076.038272858 407 277
3 1732755076.038272858 202 240
4 1732755076.038272858 365 305
5 1732755076.038272858 396 214
6 1732755076.038272858 173 211
7 1732755076.038272858 384 17
8 1732755076.038272858 281 7
9 1732755076.038272858 508 54
10 1732755076.038272858 349 339
11 1732755076.038272858 70 7
12 1732755076.038272858 312 236
13 1732755076.038272858 394 293
14 1732755076.038272858 486 195
15 1732755076.038272858 369 20
16 1732755076.038272858 331 306
17 1732755076.038272858 211 291
18 1732755076.038272858 383 305
0 1732755076.538272858 422 321
1 1732755076.538272858 90 8
2 1732755076.538272858 407 280
3 1732755076.538272858 200 241
4 1732755076.538272858 365 308
5 1732755076.538272858 394 218
6 1732755076.538272858 172 211
7 1732755076.538272858 384 19
8 1732755076.538272858 280 8
9 1732755076.538272858 507 56
10 1732755076.538272858 349 343
11 1732755076.538272858 70 10
12 1732755076.538272858 313 237
13 1732755076.538272858 394 296
14 1732755076.538272858 487 197
15 1732755076.538272858 369 22
16 1732755076.538272858 331 309
17 1732755076.538272858 214 294
18 1732755076.538272858 379 305
0 1732755077.038272858 423 321
1 1732755077.038272858 90 6
2 1732755077.038272858 407 281
3 1732755077.038272858 201 242
4 1732755077.038272858 365 311
5 1732755077.038272858 394 218
6 1732755077.038272858 171 212
7 1732755077.038272858 384 18
8 1732755077.038272858 280 8
9 1732755077.038272858 507 57
10 1732755077.038272858 347 342
11 1732755077.038272858 70 9
12 1732755077.038272858 313 238
13 1732755077.038272858 394 296
14 1732755077.038272858 488 197
15 1732755077.038272858 369 23
16 1732755077.038272858 329 309
17 1732755077.038272858 216 295
18 1732755077.038272858 379 306
0 1732755077.538272858 423 320
1 1732755077.538272858 90 6
2 1732755077.538272858 406 281
3 1732755077.538272858 201 242
4 1732755077.538272858 365 314
5 1732755077.538272858 394 219
6 1732755077.538272858 171 215
7 1732755077.538272858 383 18
8 1732755077.538272858 280 9
9 1732755077.538272858 506 57
10 1732755077.538272858 345 342
11 1732755077.538272858 71 8
12 1732755077.538272858 313 238
13 1732755077.538272858 395 296
14 1732755077.538272858 488 197
15 1732755077.538272858 369 22
16 1732755077.538272858 328 310
17 1732755077.538272858 217 296
18 1732755077.538272858 380 307
0 1732755078.038272858 423 319
1 1732755078.038272858 92 7
2 1732755078.038272858 407 282
3 1732755078.038272858 202 241
4 1732755078.038272858 365 313
5 1732755078.038272858 396 219
6 1732755078.038272858 172 216
7 1732755078.038272858 384 18
8 1732755078.038272858 281 8
9 1732755078.038272858 507 57
10 1732755078.038272858 345 342
11 1732755078.038272858 73 6
12 1732755078.038272858 314 239
13 1732755078.038272858 396 296
14 1732755078.038272858 488 198
15 1732755078.038272858 370 22
16 1732755078.038272858 327 310
17 1732755078.038272858 219 297
18 1732755078.038272858 382 308
0 1732755078.538272858 424 318
1 1732755078.538272858 94 6
2 1732755078.538272858 408 282
3 1732755078.538272858 204 240
4 1732755078.538272858 366 312
5 1732755078.538272858 397 220
6 1732755078.538272858 174 216
7 1732755078.538272858 385 18
8 1732755078.538272858 281 8
9 1732755078.538272858 507 56
10 1732755078.538272858 344 342
11 1732755078.538272858 74 6
12 1732755078.538272858 316 240
13 1732755078.538272858 397 296
14 1732755078.538272858 488 198
15 1732755078.538272858 371 21
16 1732755078.538272858 327 311
17 1732755078.538272858 220 297
18 1732755078.538272858 384 309
0 1732755079.038272858 424 316
1 1732755079.038272858 95 5
2 1732755079.038272858 409 284
3 1732755079.038272858 205 240
4 1732755079.038272858 366 311
5 1732755079.038272858 399 220
6 1732755079.038272858 175 216
7 1732755079.038272858 385 17
8 1732755079.038272858 281 7
9 1732755079.038272858 508 56
10 1732755079.038272858 344 342
11 1732755079.038272858 74 5
12 1732755079.038272858 317 240
13 1732755079.038272858 398 295
14 1732755079.038272858 490 197
15 1732755079.038272858 373 22
16 1732755079.038272858 325 311
17 1732755079.038272858 222 298
18 1732755079.038272858 385 310
0 1732755079.538272858 424 315
1 1732755079.538272858 96 6
2 1732755079.538272858 410 284
3 1732755079.538272858 208 240
4 1732755079.538272858 366 310
5 1732755079.538272858 401 221
6 1732755079.538272858 177 217
7 1732755079.538272858 385 16
8 1732755079.538272858 282 9
9 1732755079.538272858 509 56
10 1732755079.538272858 344 342
11 1732755079.538272858 75 5
12 1732755079.538272858 319 241
13 1732755079.538272858 399 294
14 1732755079.538272858 492 197
15 1732755079.538272858 374 21
16 1732755079.538272858 325 311
17 1732755079.538272858 224 298
18 1732755079.538272858 387 311
0 1732755080.038272858 426 319
1 1732755080.038272858 96 9
2 1732755080.038272858 410 287
3 1732755080.038272858 209 244
4 1732755080.038272858 368 314
5 1732755080.038272858 401 223
6 1732755080.038272858 178 220
7 1732755080.038272858 385 19
8 1732755080.038272858 282 12
9 1732755080.038272858 512 61
10 1732755080.038272858 343 344
11 1732755080.038272858 75 7
12 1732755080.038272858 318 240
13 1732755080.038272858 400 298
14 1732755080.038272858 494 200
15 1732755080.038272858 375 25
16 1732755080.038272858 325 313
17 1732755080.038272858 226 302
18 1732755080.038272858 389 316
0 1732755080.538272858 427 319
1 1732755080.538272858 97 8
2 1732755080.538272858 411 289
3 1732755080.538272858 209 246
4 1732755080.538272858 367 315
5 1732755080.538272858 401 224
6 1732755080.538272858 178 222
7 1732755080.538272858 385 19
8 1732755080.538272858 283 13
9 1732755080.538272858 512 61
10 1732755080.538272858 343 344
11 1732755080.538272858 76 7
12 1732755080.538272858 317 242
13 1732755080.538272858 400 298
14 1732755080.538272858 494 201
15 1732755080.538272858 375 25
16 1732755080.538272858 325 315
17 1732755080.538272858 227 304
18 1732755080.538272858 389 317
0 1732755081.038272858 427 320
1 1732755081.038272858 97 7
2 1732755081.038272858 412 290
3 1732755081.038272858 209 246
4 1732755081.038272858 366 316
5 1732755081.038272858 401 224
6 1732755081.038272858 178 224
7 1732755081.038272858 385 19
8 1732755081.038272858 284 13
9 1732755081.038272858 512 62
10 1732755081.038272858 343 344
11 1732755081.038272858 77 8
12 1732755081.038272858 318 244
13 1732755081.038272858 400 299
14 1732755081.038272858 495 203
15 1732755081.038272858 376 25
16 1732755081.038272858 325 316
17 1732755081.038272858 228 306
18 1732755081.038272858 390 318
0 1732755081.538272858 429 321
1 1732755081.538272858 98 6
2 1732755081.538272858 414 291
3 1732755081.538272858 210 246
4 1732755081.538272858 366 316
5 1732755081.538272858 403 224
6 1732755081.538272858 180 226
7 1732755081.538272858 386 19
8 1732755081.538272858 285 13
9 1732755081.538272858 514 63
10 1732755081.538272858 344 345
11 1732755081.538272858 79 8
12 1732755081.538272858 320 245
13 1732755081.538272858 401 300
14 1732755081.538272858 497 204
15 1732755081.538272858 377 25
16 1732755081.538272858 326 317
17 1732755081.538272858 231 308
18 1732755081.538272858 391 318
0 1732755082.038272858 431 321
1 1732755082.038272858 99 7
2 1732755082.038272858 415 292
3 1732755082.038272858 212 246
4 1732755082.038272858 367 316
5 1732755082.038272858 405 224
6 1732755082.038272858 181 227
7 1732755082.038272858 387 19
8 1732755082.038272858 286 14
9 1732755082.038272858 515 64
10 1732755082.038272858 346 347
11 1732755082.038272858 80 8
12 1732755082.038272858 322 247
13 1732755082.038272858 403 300
14 1732755082.038272858 499 205
15 1732755082.038272858 377 24
16 1732755082.038272858 327 318
17 1732755082.038272858 233 310
18 1732755082.038272858 393 318
0 1732755082.538272858 432 321
1 1732755082.538272858 100 6
2 1732755082.538272858 417 293
3 1732755082.538272858 214 246
4 1732755082.538272858 367 316
5 1732755082.538272858 406 224
6 1732755082.538272858 183 228
7 1732755082.538272858 387 20
8 1732755082.538272858 287 14
9 1732755082.538272858 516 64
10 1732755082.538272858 347 348
11 1732755082.538272858 80 8
12 1732755082.538272858 323 249
13 1732755082.538272858 405 300
14 1732755082.538272858 501 206
15 1732755082.538272858 378 24
16 1732755082.538272858 328 319
17 1732755082.538272858 235 311
18 1732755082.538272858 394 317
0 1732755083.038272858 434 321
1 1732755083.038272858 101 7
2 1732755083.038272858 420 294
3 1732755083.038272858 215 247
4 1732755083.038272858 368 316
5 1732755083.038272858 407 224
6 1732755083.038272858 184 228
7 1732755083.038272858 388 20
8 1732755083.038272858 287 15
9 1732755083.038272858 517 65
10 1732755083.038272858 349 349
11 1732755083.038272858 81 7
12 1732755083.038272858 325 251
13 1732755083.038272858 406 299
14 1732755083.038272858 503 207
15 1732755083.038272858 378 25
16 1732755083.038272858 329 320
17 1732755083.038272858 237 312
18 1732755083.038272858 396 317
0 1732755083.538272858 433 323
1 1732755083.538272858 101 10
2 1732755083.538272858 421 298
3 1732755083.538272858 215 249
4 1732755083.538272858 368 318
5 1732755083.538272858 408 227
6 1732755083.538272858 184 231
7 1732755083.538272858 388 23
8 1732755083.538272858 287 18
9 1732755083.538272858 517 68
10 1732755083.538272858 351 354
11 1732755083.538272858 80 10
12 1732755083.538272858 325 254
13 1732755083.538272858 407 303
14 1732755083.538272858 503 210
15 1732755083.538272858 378 28
16 1732755083.538272858 328 322
17 1732755083.538272858 236 315
18 1732755083.538272858 396 321
0 1732755084.038272858 432 325
1 1732755084.038272858 100 13
2 1732755084.038272858 420 300
3 1732755084.038272858 214 252
4 1732755084.038272858 367 321
5 1732755084.038272858 408 230
6 1732755084.038272858 183 234
7 1732755084.038272858 387 25
8 1732755084.038272858 286 20
9 1732755084.038272858 517 71
10 1732755084.038272858 351 356
11 1732755084.038272858 79 13
12 1732755084.038272858 325 256
13 1732755084.038272858 406 306
14 1732755084.038272858 503 213
15 1732755084.038272858 377 30
16 1732755084.038272858 328 324
17 1732755084.038272858 235 317
18 1732755084.038272858 395 323
0 1732755084.538272858 431 325
1 1732755084.538272858 101 13
2 1732755084.538272858 421 301
3 1732755084.538272858 214 253
4 1732755084.538272858 368 322
5 1732755084.538272858 408 231
6 1732755084.538272858 184 235
7 1732755084.538272858 387 25
8 1732755084.538272858 286 21
9 1732755084.538272858 518 72
10 1732755084.538272858 351 357
11 1732755084.538272858 80 13
12 1732755084.538272858 327 258
13 1732755084.538272858 406 308
14 1732755084.538272858 503 215
15 1732755084.538272858 378 30
16 1732755084.538272858 328 326
17 1732755084.538272858 236 319
18 1732755084.538272858 395 324
0 1732755085.038272858 429 324
1 1732755085.038272858 102 14
2 1732755085.038272858 421 302
3 1732755085.038272858 213 253
4 1732755085.038272858 367 323
5 1732755085.038272858 409 232
6 1732755085.038272858 182 236
7 1732755085.038272858 385 25
8 1732755085.038272858 285 23
9 1732755085.038272858 517 73
10 1732755085.038272858 350 358
11 1732755085.038272858 81 12
12 1732755085.038272858 327 259
13 1732755085.038272858 405 308
14 1732755085.038272858 503 217
15 1732755085.038272858 377 31
16 1732755085.038272858 327 327
17 1732755085.038272858 235 320
18 1732755085.038272858 394 324
